0.00195312 2 1024
0.00146556 3 2047
0.0016276 5 3072
0.00170982 7 4094
0.00156372 8 5116
0.00195503 12 6138
0.00181539 13 7161
0.00183307 15 8183
0.0031508 29 9204
0.00303119 31 10227
0.00284444 32 11250
0.00301499 37 12272
0.00285822 38 13295
0.00300321 43 14318
0.00286813 44 15341
0.00299438 49 16364
0.00287588 50 17386
0.00282471 52 18409
0.00288184 56 19432
0.00283549 58 20455
0.00288667 62 21478
0.0028 63 22500
0.00280576 66 23523
0.00281105 69 24546
0.0027768 71 25569
0.00274519 73 26592
0.0026797 74 27615
