0.00194742 2 1027
0.00146341 3 2050
0.00162655 5 3074
0.00170898 7 4096
0.00175747 9 5121
0.00179036 11 6144
0.00167434 12 7167
0.00170919 14 8191
0.00173668 16 9213
0.00166081 17 10236
0.00168739 19 11260
0.00170968 21 12283
0.00165339 22 13306
0.00167481 24 14330
0.00169348 26 15353
0.00164875 27 16376
0.00166676 29 17399
0.00168277 31 18422
0.00164567 32 19445
0.00166113 34 20468
0.00167504 36 21492
0.00168776 38 22515
0.00165682 39 23539
0.00166925 41 24562
0.00168067 43 25585
0.00169116 45 26609
0.00166474 46 27632
0.00167504 48 28656
