0 0 1017
0 0 2037
0.000653595 2 3060
0.000489836 2 4083
0.000979432 5 5105
0.000815927 5 6128
0.00111872 8 7151
0.000977995 8 8180
0.00119539 11 9202
0.00107443 11 10238
0.00124323 14 11261
0.00113886 14 12293
0.00127666 17 13316
0.0011845 17 14352
0.00136585 21 15375
0.00127994 21 16407
0.00137694 24 17430
0.00130025 24 18458
0.00138589 27 19482
0.00131611 27 20515
0.00139289 30 21538
0.00132926 30 22569
0.00139878 33 23592
0.00134005 33 24626
0.00140356 36 25649
0.00134953 36 26676
0.00140799 39 27699
0.00135732 39 28733
0.00137787 41 29756
0.00133203 41 30780
0.00138347 44 31804
0.00134024 44 32830
0.00135878 46 33854
0.00131873 46 34882
