0.00491159 5 1018
0.00781632 16 2047
0.0107492 33 3070
0.0123576 51 4127
0.0126189 65 5151
0.0127543 79 6194
0.0134275 97 7224
0.0135758 112 8250
0.0136957 127 9273
0.0138646 143 10314
0.0141106 160 11339
0.0143885 178 12371
0.0144841 194 13394
0.0144717 209 14442
0.0146127 226 15466
0.0148323 245 16518
0.0149934 263 17541
0.0150105 279 18587
0.0150433 295 19610
0.0152169 314 20635
0.0153292 332 21658
0.0153731 349 22702
0.0153846 365 23725
0.015389 381 24758
0.0153983 397 25782
0.0155154 416 26812
0.0155548 433 27837
0.0155546 449 28866
0.0154901 463 29890
0.0154274 477 30919
0.0154024 492 31943
0.0154317 509 32984
0.0154063 524 34012
0.0151269 530 35037
