0.00195503 2 1023
0.00195503 4 2046
0.00162813 5 3071
0.00170898 7 4096
0.00175816 9 5119
0.00179095 11 6142
0.00167387 12 7169
0.00170919 14 8191
0.00173649 16 9214
0.0017585 18 10236
0.00177636 20 11259
0.00170982 21 12282
0.00172867 23 13305
0.00174484 25 14328
0.00175884 27 15351
0.0017711 29 16374
0.00178192 31 17397
0.00173724 32 18420
0.00174861 34 19444
0.00175884 36 20468
0.00176818 38 21491
0.00177667 40 22514
0.00178435 42 23538
0.00175074 43 24561
0.00175884 45 25585
0.00176639 47 26608
0.00177337 49 27631
0.00177979 51 28655
0.00178583 53 29678
0.00175896 54 30700
0.00176523 56 31724
