0.00195122 2 1025
0.00146413 3 2049
0.00162707 5 3073
0.00170732 7 4100
0.00175644 9 5124
0.00178949 11 6147
0.00167317 12 7172
0.00170836 14 8195
0.00173555 16 9219
0.00175747 18 10242
0.00168664 19 11265
0.00170885 21 12289
0.00172763 23 13313
0.00174374 25 14337
0.0017577 27 15361
0.0017698 29 16386
0.00178059 31 17410
0.00179017 33 18434
0.00174726 34 19459
0.00175756 36 20483
0.00176687 38 21507
0.00177525 40 22532
0.00178306 42 23555
0.00179007 44 24580
0.00175754 45 25604
0.00176506 47 26628
0.00177202 49 27652
0.00177843 51 28677
0.00178445 53 29701
0.00179013 55 30724
0.00176389 56 31748
