0.00291829 3 1028
0.00243784 5 2051
0.00357491 11 3077
0.00316996 13 4101
0.0058548 30 5124
0.00520494 32 6148
0.00501812 36 7174
0.00463471 38 8199
0.00433745 40 9222
0.00439196 45 10246
0.00408199 46 11269
0.00414904 51 12292
0.00398017 53 13316
0.00390543 56 14339
0.00390549 60 15363
0.00378349 62 16387
0.00384836 67 17410
0.00374308 69 18434
0.00375186 73 19457
0.00366193 75 20481
0.00358073 77 21504
0.00359553 81 22528
0.00352427 83 23551
0.00358102 88 24574
0.0035159 90 25598
0.00345579 92 26622
0.00347247 96 27646
0.00341833 98 28669
