0.00196657 2 1017
0.000977995 2 2045
0.0016292 5 3069
0.001221 5 4095
0.0017585 9 5118
0.0014627 9 6153
0.00181134 13 7177
0.00158537 13 8200
0.00195143 18 9224
0.00175593 18 10251
0.00195139 22 11274
0.00178775 22 12306
0.00195049 26 13330
0.00188088 27 14355
0.00201574 31 15379
0.00188909 31 16410
0.00195021 34 17434
0.00184172 34 18461
0.00195022 38 19485
0.00185248 38 20513
0.0019037 41 21537
0.00181657 41 22570
0.00194965 46 23594
0.00186787 46 24627
0.00191033 49 25650
0.00183686 49 26676
0.00187726 52 27700
0.00181027 52 28725
0.00188248 56 29748
0.00181948 56 30778
0.00185523 59 31802
0.00179736 59 32826
0.00183161 62 33850
0.00177768 62 34877
