0.000974659 1 1026
0.00146199 3 2052
0.00162549 5 3076
0.00146306 6 4101
0.00156189 8 5122
0.00146461 9 6145
0.0015346 11 7168
0.00146466 12 8193
0.00141074 13 9215
0.00146484 15 10240
0.0015091 17 11265
0.00146472 18 12289
0.00150252 20 13311
0.00146505 21 14334
0.00149779 23 15356
0.00146529 24 16379
0.00149417 26 17401
0.00146556 27 18423
0.00149123 29 19447
0.00151441 31 20470
0.00148893 32 21492
0.00151004 34 22516
0.00152931 36 23540
0.00154698 38 24564
0.00152427 39 25586
0.00154083 41 26609
0.00151987 42 27634
0.00153535 44 28658
