0.00097561 1 1025
0.00146556 3 2047
0.0016276 5 3072
0.00146556 6 4094
0.00156342 8 5117
0.00146556 9 6141
0.00153524 11 7165
0.00146538 12 8189
0.00151992 14 9211
0.00146585 15 10233
0.00151044 17 11255
0.00146592 18 12279
0.00150365 20 13301
0.00153588 22 14324
0.00149866 23 15347
0.00152718 25 16370
0.00155235 27 17393
0.00152042 28 18416
0.00154353 30 19436
0.00151523 31 20459
0.00153624 33 21481
0.00155528 35 22504
0.00153016 36 23527
0.00154786 38 24550
0.00152505 39 25573
0.00154159 41 26596
0.00155696 43 27618
0.00153626 44 28641
0.0015507 46 29664
0.00156418 48 30687
0.00154525 49 31710
0.00155806 51 32733
0.00157014 53 33755
