0 0 1045
0.000483793 1 2067
0.00161917 5 3088
0.00121507 5 4115
0.001752 9 5137
0.00146033 9 6163
0.00208768 15 7185
0.00182482 15 8220
0.0021638 20 9243
0.00194666 20 10274
0.00212446 24 11297
0.00194679 24 12328
0.00224702 30 13351
0.00208522 30 14387
0.00220636 34 15410
0.00206838 34 16438
0.00217615 38 17462
0.00205561 38 18486
0.00215296 42 19508
0.00204469 42 20541
0.00213318 46 21564
0.00207974 47 22599
0.00203209 48 23621
0.00194789 48 24642
0.00190921 49 25665
0.00183603 49 26688
0.00180434 50 27711
0.0017401 50 28734
0.00171388 51 29757
0.00165692 51 30780
0.00163507 52 31803
0.00158411 52 32826
0.00156582 53 33848
0.00151989 53 34871
0.00150447 54 35893
0.00146286 54 36914
0.00144977 55 37937
0.00143741 56 38959
0.00140063 56 39982
