0 0 1017
0.000488998 1 2045
0.000651466 2 3070
0.000488162 2 4097
0.000781097 4 5121
0.00113914 7 6145
0.00139489 10 7169
0.00146466 12 8193
0.0016276 15 9216
0.00156159 16 10246
0.00177462 20 11270
0.00186931 23 12304
0.00195049 26 13330
0.00201837 29 14368
0.00201416 31 15391
0.00194944 32 16415
0.00200677 35 17441
0.00200206 37 18481
0.00205076 40 19505
0.00209388 43 20536
0.0020873 45 21559
0.00212399 48 22599
0.00215891 51 23623
0.00214984 53 24653
0.00218094 56 25677
0.00220858 59 26714
0.00223528 62 27737
0.00222438 64 28772
0.00224855 67 29797
