0.00194363 2 1029
0.0014627 3 2051
0.00162655 5 3074
0.00170898 7 4096
0.00156281 8 5119
0.00162813 10 6142
0.00167481 12 7165
0.00170982 14 8188
0.00173705 16 9211
0.00175884 18 10234
0.00168784 19 11257
0.0017101 21 12280
0.00172893 23 13303
0.00174496 25 14327
0.00175907 27 15349
0.00177132 29 16372
0.00172453 30 17396
0.00173734 32 18419
0.00174879 34 19442
0.00175919 36 20464
0.00176851 38 21487
0.00177691 40 22511
0.00178465 42 23534
0.00179175 44 24557
0.00175919 45 25580
0.00176672 47 26603
0.00177376 49 27625
0.00178023 51 28648
