0.00194742 2 1027
0.00195122 4 2050
0.00195185 6 3074
0.00170857 7 4097
0.00175678 9 5123
0.00178978 11 6146
0.00167364 12 7170
0.00170878 14 8193
0.00173592 16 9217
0.00175781 18 10240
0.00177557 20 11264
0.00170912 21 12287
0.00172815 23 13309
0.00174423 25 14333
0.00175816 27 15357
0.0017094 28 16380
0.00172374 30 17404
0.00168222 31 18428
0.00169657 33 19451
0.00170949 35 20474
0.00172109 37 21498
0.00168731 38 22521
0.00169887 40 23545
0.00170954 42 24568
0.00168021 43 25592
0.00169078 45 26615
0.0017005 47 27639
0.00167469 48 28662
