0.000970874 1 1030
0.00097561 2 2050
0.00097561 3 3075
0.000732064 3 4098
0.00117187 6 5120
0.000976721 6 6143
0.00139567 10 7165
0.00122055 10 8193
0.00141059 13 9216
0.00126854 13 10248
0.00141945 16 11272
0.00138189 17 12302
0.00150094 20 13325
0.00139315 20 14356
0.00149555 23 15379
0.00146261 24 16409
0.00154888 27 17432
0.00146294 27 18456
0.00154012 30 19479
0.00146277 30 20509
0.0015326 33 21532
0.00146303 33 22556
0.00152678 36 23579
0.00146276 36 24611
0.00152136 39 25635
0.00146298 39 26658
0.00151729 42 27681
0.0014629 42 28710
0.00151342 45 29734
0.00146299 45 30759
0.00154175 49 31782
0.00149349 49 32809
0.00153701 52 33832
