0.000976562 1 1024
0.000977517 2 2046
0.00130336 4 3069
0.0012219 5 4092
0.00136879 7 5114
0.00130336 8 6138
0.00139665 10 7160
0.00134441 11 8182
0.00141243 13 9204
0.00146671 15 10227
0.00142222 16 11250
0.00146699 18 12270
0.00142932 19 13293
0.00146699 21 14315
0.00143435 22 15338
0.0014669 24 16361
0.00149563 26 17384
0.00146691 27 18406
0.00149254 29 19430
0.00146685 30 20452
0.0014901 32 21475
0.00151125 34 22498
0.0014881 35 23520
0.00150756 37 24543
0.00148635 38 25566
0.00150444 40 26588
