0.00195312 2 1024
0.00195408 4 2047
0.00162813 5 3071
0.00170815 7 4098
0.00175747 9 5121
0.00162707 10 6146
0.00167387 12 7169
0.00158691 13 8192
0.0016276 15 9216
0.0015625 16 10240
0.00159815 18 11263
0.00162774 20 12287
0.00157788 21 13309
0.0016048 23 14332
0.00162803 25 15356
0.00164835 27 16380
0.00160883 28 17404
0.00162805 30 18427
0.00164516 32 19451
0.0016118 33 20474
0.00162806 35 21498
0.00164284 37 22522
0.00165633 39 23546
0.001628 40 24570
0.00164101 42 25594
0.00165302 44 26618
