0.000974659 1 1026
0.000976086 2 2049
0.000976245 3 3073
0.0012207 5 4096
0.00156219 8 5121
0.00146461 9 6145
0.00139509 10 7168
0.00146484 12 8192
0.00141074 13 9215
0.00136745 14 10238
0.00142071 16 11262
0.00138369 17 12286
0.00135227 18 13311
0.00132552 19 14334
0.00143248 22 15358
0.00140398 23 16382
0.00137883 24 17406
0.00135656 25 18429
0.00138803 27 19452
0.00136739 28 20477
0.00134884 29 21500
0.00137631 31 22524
0.00135893 32 23548
0.00134299 33 24572
0.00132833 34 25596
0.00135237 36 26620
0.00133845 37 27644
0.00132552 38 28668
