0.000969932 1 1031
0.00146056 3 2054
0.0016239 5 3079
0.00170648 7 4102
0.00292626 15 5126
0.00276423 17 6150
0.00264882 19 7173
0.00244021 20 8196
0.0023856 22 9222
0.002245 23 10245
0.00221848 25 11269
0.00219655 27 12292
0.00217783 29 13316
0.00223168 32 14339
0.00214816 33 15362
0.002197 36 16386
0.00212534 37 17409
0.00217002 40 18433
0.00210721 41 19457
0.00229492 47 20480
0.00223214 48 21504
0.00221956 50 22527
0.0022929 54 23551
0.00227883 56 24574
0.00238309 61 25597
0.00232899 62 26621
0.00242358 67 27645
0.00237198 68 28668
