0 0 1028
0 0 2048
0.00130251 4 3071
0.000976562 4 4096
0.00156281 8 5119
0.0013023 8 6143
0.00167457 12 7166
0.0014652 12 8190
0.00173649 16 9214
0.00156296 16 10237
0.00168724 19 11261
0.00154673 19 12284
0.00172828 23 13308
0.00160491 23 14331
0.00169326 26 15355
0.00164855 27 16378
0.00166667 29 17400
0.00157395 29 18425
0.00169683 33 19448
0.00161188 33 20473
0.00172117 37 21497
0.00164269 37 22524
0.00174112 41 23548
0.0016685 41 24573
0.00175802 45 25597
0.00169039 45 26621
0.00177247 49 27645
0.0017091 49 28670
0.0017512 52 29694
0.00169282 52 30718
0.00173272 55 31742
0.00167847 55 32768
0.00171638 58 33792
0.0016659 58 34816
