0.00194175 2 1030
0.00146128 3 2053
0.00162496 5 3077
0.0017069 7 4101
0.00175678 9 5123
0.00162734 10 6145
0.00167411 12 7168
0.0015873 13 8190
0.0016276 15 9216
0.00166048 17 10238
0.00159844 18 11261
0.00162813 20 12284
0.00157824 21 13306
0.00160502 23 14330
0.00162845 25 15352
0.00158779 26 16375
0.00160938 28 17398
0.00162858 30 18421
0.0015944 31 19443
0.00161243 33 20466
0.00162874 35 21489
0.00164357 37 22512
0.00161469 38 23534
0.0016288 40 24558
0.00164191 42 25580
0.00161636 43 26603
0.0016289 45 27626
0.00160558 46 28650
