0 0 1018
0.000976562 2 2048
0.00292969 9 3072
0.00560156 23 4106
0.00565302 29 5130
0.00503083 31 6162
0.00473076 34 7187
0.00438383 36 8212
0.00422261 39 9236
0.00409237 42 10263
0.00398653 45 11288
0.00389674 48 12318
0.00382252 51 13342
0.00375809 54 14369
0.00363802 56 15393
0.00359034 59 16433
0.00355158 62 17457
0.00346208 64 18486
0.00343414 67 19510
0.00340732 70 20544
0.0033848 73 21567
0.00331947 75 22594
0.00330257 78 23618
0.00328494 81 24658
0.0032709 84 25681
0.00322013 86 26707
0.0032094 89 27731
0.00319889 92 28760
0.00318963 95 29784
