0.000979432 1 1021
0.000977995 2 2045
0.00162973 5 3068
0.0012219 5 4092
0.00156433 8 5114
0.00146628 9 6138
0.00167598 12 7160
0.00146574 12 8187
0.00173743 16 9209
0.00166097 17 10235
0.00186534 21 11258
0.0017094 21 12285
0.00187857 25 13308
0.00174435 25 14332
0.00182351 28 15355
0.00177056 29 16379
0.00183897 32 17401
0.00173658 32 18427
0.00179949 35 19450
0.00175756 36 20483
0.00181353 39 21505
0.00173095 39 22531
0.00182567 43 23553
0.00174967 43 24576
0.00179695 46 25599
0.00176539 47 26623
0.00177241 49 27646
0.00170898 49 28672
0.00175114 52 29695
0.00172532 53 30719
0.00173272 55 31742
0.00167842 55 32769
0.00168684 57 33791
0.00163723 57 34815
