0.00097371 1 1027
0.00146341 3 2050
0.00162655 5 3074
0.00170857 7 4097
0.00488091 25 5122
0.00439382 27 6145
0.0053006 38 7169
0.00561523 46 8192
0.0052089 48 9215
0.00488329 50 10239
0.00603747 68 11263
0.00569708 70 12287
0.00653497 87 13313
0.00620771 89 14337
0.00676995 104 15362
0.00646933 106 16385
0.00614625 107 17409
0.00656431 121 18433
0.00632196 123 19456
0.00664062 136 20480
0.00637091 137 21504
0.00661399 149 22528
0.00679348 160 23552
0.0065918 162 24576
0.00675781 173 25600
0.0065357 174 26623
0.0066915 185 27647
0.00652227 187 28671
0.00633125 188 29694
0.00647829 199 30718
0.0063325 201 31741
0.0064398 211 32765
0.00630401 213 33788
