0.000976562 1 1024
0.00146628 3 2046
0.00162973 5 3068
0.00146699 6 4090
0.00156403 8 5115
0.00146628 9 6138
0.0015361 11 7161
0.00158847 13 8184
0.00152075 14 9206
0.00156418 16 10229
0.00151084 17 11252
0.00154811 19 12273
0.0015793 21 13297
0.00153642 22 14319
0.00156433 24 15342
0.00158885 26 16364
0.00155297 27 17386
0.00157532 29 18409
0.001544 30 19430
0.00156456 32 20453
0.00158316 34 21476
0.00155569 35 22498
0.00157313 37 23520
0.00154837 38 24542
0.00156464 40 25565
0.00154205 41 26588
0.00155735 43 27611
0.00157161 45 28633
