0.000971817 1 1029
0.0014627 3 2051
0.00162655 5 3074
0.00170857 7 4097
0.00156281 8 5119
0.0016276 10 6144
0.00153503 11 7166
0.0015875 13 8189
0.00151992 14 9211
0.00156357 16 10233
0.00159915 18 11256
0.00154748 19 12278
0.00157883 21 13301
0.00153599 22 14323
0.00156393 24 15346
0.00158866 26 16366
0.0015528 27 17388
0.0015754 29 18408
0.00159539 31 19431
0.00156449 32 20454
0.00158309 34 21477
0.0016 36 22500
0.00157293 37 23523
0.00158885 39 24546
0.00160357 41 25568
0.00157948 42 26591
0.00159345 44 27613
