0.000971817 1 1029
0.00146199 3 2052
0.00162602 5 3075
0.00146413 6 4098
0.00175713 9 5122
0.00179007 11 6145
0.00181463 13 7164
0.00171003 14 8187
0.00173686 16 9212
0.0017585 18 10236
0.00168754 19 11259
0.00170968 21 12283
0.00172828 23 13308
0.00174447 25 14331
0.00169348 26 15353
0.00170982 28 16376
0.00172424 30 17399
0.00173705 32 18422
0.00169709 33 19445
0.00170999 35 20468
0.00172165 37 21491
0.00173226 39 22514
0.00169938 40 23538
0.00171003 42 24561
0.00171976 44 25585
0.00169122 45 26608
0.00170086 47 27633
0.00167504 48 28656
0.00168469 50 29679
0.00169365 52 30703
0.00170213 54 31725
0.00171003 56 32748
0.00171745 58 33771
