0 0 1015
0.000489956 1 2041
0.000652742 2 3064
0.000489117 2 4089
0.000586625 3 5114
0.000977517 6 6138
0.00111716 8 7161
0.00134409 11 8184
0.00152042 14 9208
0.00156387 16 10231
0.00168814 19 11255
0.00179095 22 12284
0.00187871 25 13307
0.00181425 26 14331
0.00182363 28 15354
0.00189013 31 16401
0.00189394 33 17424
0.00195111 36 18451
0.00200257 39 19475
0.00204838 42 20504
0.00204394 44 21527
0.00208426 47 22550
0.00212098 50 23574
0.00211382 52 24600
0.00214651 55 25623
0.00217636 58 26650
0.00216818 60 27673
0.00219535 63 28697
0.0022208 66 29719
