0.000972763 1 1028
0.0014627 3 2051
0.00130166 4 3073
0.00146413 6 4098
0.00156219 8 5121
0.00146484 9 6144
0.00153481 11 7167
0.0014652 12 8190
0.00151959 14 9213
0.00146542 15 10236
0.0015099 17 11259
0.00146568 18 12281
0.00150331 20 13304
0.00153556 22 14327
0.00149837 23 15350
0.0015269 25 16373
0.0014946 26 17396
0.00152017 28 18419
0.00154305 30 19442
0.00151478 31 20465
0.00153574 33 21488
0.00151037 34 22511
0.0015297 36 23534
0.00154736 38 24558
0.00152463 39 25580
0.00154112 41 26604
0.00152031 42 27626
0.00153583 44 28649
0.00151653 45 29673
0.00153119 47 30695
0.00151334 48 31718
0.00152714 50 32741
0.00151048 51 33764
