0.000985222 1 1015
0.00195886 4 2042
0.00293351 9 3068
0.00341131 14 4104
0.00312073 16 5127
0.00308542 19 6158
0.00292479 21 7180
0.00292576 24 8203
0.00292651 27 9226
0.00273011 28 10256
0.00274823 31 11280
0.00267683 33 12328
0.00262153 35 13351
0.00264219 38 14382
0.00266147 41 15405
0.00267559 44 16445
0.00269063 47 17468
0.00270314 50 18497
0.00271516 53 19520
0.00272533 56 20548
0.0026888 58 21571
0.00269923 61 22599
0.00270922 64 23623
0.00271816 67 24649
0.00268786 69 25671
0.00269663 72 26700
0.00270533 75 27723
0.00271285 78 28752
0.0027204 81 29775
