0 0 1017
0.00196175 4 2039
0.00260926 8 3066
0.00244559 10 4089
0.00215096 11 5114
0.00195472 12 6139
0.00209351 15 7165
0.0021978 18 8190
0.00227865 21 9216
0.00234329 24 10242
0.00239659 27 11266
0.00244101 30 12290
0.00240349 32 13314
0.0024409 35 14339
0.00247348 38 15363
0.00250183 41 16388
0.00252699 44 17412
0.00254908 47 18438
0.00256911 50 19462
0.00258701 53 20487
0.00255671 55 21512
0.0025732 58 22540
0.00258869 61 23564
0.00260215 64 24595
0.00261514 67 25620
0.00262516 70 26665
0.00263652 73 27688
0.00264688 76 28713
0.00262299 78 29737
