0.00097561 1 1025
0.00146556 3 2047
0.0016276 5 3072
0.0014652 6 4095
0.00156219 8 5121
0.00146437 9 6146
0.00153417 11 7170
0.00146431 12 8195
0.00141044 13 9217
0.00146484 15 10240
0.00142058 16 11263
0.0014652 18 12285
0.00150286 20 13308
0.00146546 21 14330
0.00149808 23 15353
0.00146556 24 16376
0.00149434 26 17399
0.00151992 28 18422
0.00149139 29 19445
0.00151456 31 20468
0.001489 32 21491
0.00151024 34 22513
0.00152957 36 23536
0.00150658 37 24559
0.00152451 39 25582
0.00150342 40 26606
0.00152014 42 27629
0.00153567 44 28652
0.00151643 45 29675
0.00153104 47 30698
0.00151319 48 31721
