0.000974659 1 1026
0.00146341 3 2050
0.00162707 5 3073
0.00146484 6 4096
0.00156189 8 5122
0.00162707 10 6146
0.00153417 11 7170
0.00158653 13 8194
0.00162743 15 9217
0.00156235 16 10241
0.00159801 18 11264
0.00154622 19 12288
0.00157752 21 13312
0.0015346 22 14336
0.0015626 24 15359
0.00152607 25 16382
0.0015511 27 17407
0.00151926 28 18430
0.00154218 30 19453
0.00156273 32 20477
0.00153481 33 21501
0.00155383 35 22525
0.00157126 37 23548
0.00154648 38 24572
0.00156281 40 25595
0.00154025 41 26619
0.00155555 43 27643
0.00153492 44 28666
0.00154934 46 29690
0.00156286 48 30713
0.00154399 49 31736
0.00155678 51 32760
0.00153924 52 33783
