0 0 1021
0 0 2045
0.00097688 3 3071
0.00073278 3 4094
0.00136799 7 5117
0.00130314 8 6139
0.00153588 11 7162
0.0013431 11 8190
0.00173686 16 9212
0.00156098 16 10250
0.00168544 19 11273
0.00154509 19 12297
0.0017266 23 13321
0.00160212 23 14356
0.00175564 27 15379
0.00164614 27 16402
0.00177905 31 17425
0.0016804 31 18448
0.00179755 35 19471
0.0017069 35 20505
0.00176514 38 21528
0.00172934 39 22552
0.00178155 42 23575
0.00170746 42 24598
0.00175637 45 25621
0.00172608 46 26650
0.00173467 48 27671
0.00167288 48 28693
0.0017163 51 29715
0.00165908 51 30740
0.00166861 53 31763
0.00161635 53 32790
0.00165617 56 33813
0.00160753 56 34836
