0 0 1015
0.000489476 1 2043
0.000652316 2 3066
0.000733317 3 4091
0.000782167 4 5114
0.00114044 7 6138
0.00125698 9 7160
0.00146645 12 8183
0.00162902 15 9208
0.00166129 17 10233
0.00177683 20 11256
0.00187281 23 12281
0.00187913 25 13304
0.00181476 26 14327
0.00188778 29 15362
0.00195301 32 16385
0.00195312 34 17408
0.00200749 37 18431
0.00200452 39 19456
0.00205088 42 20479
0.00209283 45 21502
0.00208611 47 22530
0.00212287 50 23553
0.00215649 53 24577
0.00214835 55 25601
0.00217808 58 26629
0.00220599 61 27652
0.00219704 63 28675
0.00222237 66 29698
