0.00195122 2 1025
0.00195503 4 2046
0.00162866 5 3070
0.00171065 7 4092
0.00156403 8 5115
0.0016292 10 6138
0.0015361 11 7161
0.00158866 13 8183
0.00152075 14 9206
0.00156449 16 10227
0.00151098 17 11251
0.00154811 19 12273
0.00150421 20 13296
0.00153642 22 14319
0.00149925 23 15341
0.00146663 24 16364
0.00149537 26 17387
0.00152091 28 18410
0.00149231 29 19433
0.00151552 31 20455
0.0014899 32 21478
0.00151104 34 22501
0.00148784 35 23524
0.00150731 37 24547
0.00148612 38 25570
0.00150416 40 26593
