0.00194553 2 1028
0.00195027 4 2051
0.00195185 6 3074
0.00195265 8 4097
0.00175713 9 5122
0.00179007 11 6145
0.00167411 12 7168
0.00170898 14 8192
0.00162778 15 9215
0.00166032 17 10239
0.00159801 18 11264
0.0016276 20 12288
0.00157764 21 13311
0.00160458 23 14334
0.0015627 24 15358
0.00158711 26 16382
0.00155128 27 17405
0.00157361 29 18429
0.00154218 30 19453
0.00156273 32 20477
0.00153481 33 21501
0.0015539 35 22524
0.00157133 37 23547
0.00154654 38 24571
0.00156281 40 25595
0.00154025 41 26619
0.00155555 43 27643
0.00153487 44 28667
