0.00194553 2 1028
0.00243784 5 2051
0.00227716 7 3074
0.00243843 10 4101
0.00234192 12 5124
0.00227753 14 6147
0.00223121 16 7171
0.00219673 18 8194
0.00216967 20 9218
0.00214823 22 10241
0.00213068 24 11264
0.00211606 26 12287
0.00210352 28 13311
0.00209278 30 14335
0.00208347 32 15359
0.00213623 35 16384
0.00206813 36 17407
0.00206186 38 18430
0.00205624 40 19453
0.00205108 42 20477
0.00204651 44 21500
0.00199796 45 22523
0.00199592 47 23548
0.00195352 48 24571
0.00195351 50 25595
0.00191592 51 26619
0.0019173 53 27643
0.00191858 55 28667
