0.000972763 1 1028
0.00146341 3 2050
0.00162813 5 3071
0.00146592 6 4093
0.00195465 10 5116
0.00179211 11 6138
0.00181564 13 7160
0.00171107 14 8182
0.00173837 16 9204
0.00283591 29 10226
0.00302249 34 11249
0.00293375 36 12271
0.00278342 37 13293
0.00272422 39 14316
0.00293389 45 15338
0.00287286 47 16360
0.00276132 48 17383
0.0028795 53 18406
0.00277949 54 19428
0.00273825 56 20451
0.00279421 60 21473
0.00284495 64 22496
0.00280624 66 23519
0.00277087 68 24541
0.00277745 71 25563
0.00274581 73 26586
0.00278905 77 27608
0.00275934 79 28630
