0.00195122 2 1025
0.00146413 3 2049
0.00162813 5 3071
0.00146592 6 4093
0.00156372 8 5116
0.0016292 10 6138
0.0015361 11 7161
0.0014661 12 8185
0.00152108 14 9204
0.00146685 15 10226
0.00151138 17 11248
0.00154837 19 12271
0.00150455 20 13293
0.00153696 22 14314
0.00149964 23 15337
0.00152821 25 16359
0.00155342 27 17381
0.00152141 28 18404
0.00154432 30 19426
0.00151611 31 20447
0.0015371 33 21469
0.00155618 35 22491
0.00153107 36 23513
0.00154881 38 24535
0.00152594 39 25558
0.00154251 41 26580
0.00155786 43 27602
0.00153712 44 28625
0.00155159 46 29647
0.0015651 48 30669
0.00154613 49 31692
0.00155897 51 32714
