0.000978474 1 1022
0.00146628 3 2046
0.00130336 4 3069
0.00146592 6 4093
0.00136826 7 5116
0.0014658 9 6140
0.00153546 11 7164
0.00146574 12 8187
0.00152025 14 9209
0.00146585 15 10233
0.00151031 17 11256
0.00146592 18 12279
0.00150365 20 13301
0.00146607 21 14324
0.00149866 23 15347
0.00152718 25 16370
0.00149485 26 17393
0.00152033 28 18417
0.00149185 29 19439
0.00151493 31 20463
0.00148934 32 21486
0.00151051 34 22509
0.0014874 35 23531
0.00150688 37 24554
0.00148565 38 25578
0.0015037 40 26601
0.00152042 42 27624
0.00150103 43 28647
0.00151668 45 29670
0.00149871 46 30693
0.00151338 48 31717
