0.00392927 4 1018
0.00831296 17 2045
0.0110749 34 3070
0.0126061 52 4125
0.0128205 66 5148
0.0131047 81 6181
0.0136036 98 7204
0.0137286 113 8231
0.0139369 129 9256
0.0140763 145 10301
0.0143059 162 11324
0.0144728 179 12368
0.0145609 195 13392
0.0146355 211 14417
0.0146364 226 15441
0.0146202 241 16484
0.014737 258 17507
0.0147186 273 18548
0.0147157 288 19571
0.0146152 301 20595
0.014663 317 21619
0.014872 337 22660
0.0149474 354 23683
0.0149344 369 24708
0.0149608 385 25734
0.0149176 400 26814
0.0149784 417 27840
0.0150014 433 28864
0.0149553 447 29889
0.0150412 465 30915
0.0150922 482 31937
0.0151386 499 32962
0.0151841 516 33983
0.0149689 524 35006
