0.00097561 1 1025
0.000975134 2 2051
0.00195059 6 3076
0.00170482 7 4106
0.00214425 11 5130
0.00178687 11 6156
0.00250696 18 7180
0.00218951 18 8221
0.0024881 23 9244
0.0023344 24 10281
0.00247678 28 11305
0.00234989 29 12341
0.00261898 35 13364
0.00243005 35 14403
0.00259286 40 15427
0.0024294 40 16465
0.00257305 45 17489
0.00242928 45 18524
0.00255781 50 19548
0.00243037 50 20573
0.00254665 55 21597
0.00247241 56 22650
0.00253443 60 23674
0.00246884 61 24708
0.0025649 66 25732
0.00246572 66 26767
0.0025546 71 27793
0.00246263 71 28831
0.00257905 77 29856
0.00249247 77 30893
0.002569 82 31919
0.00251782 83 32965
0.00258923 88 33987
0.0025135 88 35011
0.00252532 91 36035
0.00245535 91 37062
0.00244197 93 38084
0.00240354 94 39109
0.00234227 94 40132
