0.000983284 1 1017
0.000489237 1 2044
0.00130378 4 3068
0.000976801 4 4095
0.00175884 9 5117
0.00146651 9 6137
0.00139606 10 7163
0.0012216 10 8186
0.00130321 12 9208
0.00117279 12 10232
0.00115514 13 11254
0.00105889 13 12277
0.00112782 15 13300
0.00104727 15 14323
0.00104268 16 15345
0.000977517 16 16368
0.000977517 17 17391
0.00097757 18 18413
0.000977517 19 19437
0.000928687 19 20459
0.000977563 21 21482
0.000933126 21 22505
0.000935056 22 23528
0.000896094 22 24551
0.00093849 24 25573
0.000902391 24 26596
0.000941381 26 27619
0.000907758 26 28642
0.00101133 30 29664
0.000977613 30 30687
0.00100915 32 31710
0.000977457 32 32738
0.00100708 34 33761
0.00100621 35 34784
