0 0 1029
0 0 2053
0.00162549 5 3076
0.00121862 5 4103
0.00195084 10 5126
0.00162602 10 6150
0.00222997 16 7175
0.00194837 16 8212
0.00216567 20 9235
0.0019478 20 10268
0.00221415 25 11291
0.00202856 25 12324
0.0022477 30 13347
0.00208594 30 14382
0.00227199 35 15405
0.00212895 35 16440
0.00234782 41 17463
0.00221586 41 18503
0.0023045 45 19527
0.00218967 45 20551
0.00227125 49 21574
0.00216699 49 22612
0.00228475 54 23635
0.00218889 54 24670
0.00225742 58 25693
0.00217066 58 26720
0.00227076 63 27744
0.00218879 63 28783
0.00224772 67 29808
0.00220471 68 30843
0.00225939 72 31867
0.00218898 72 32892
0.00227031 77 33916
0.00220271 77 34957
0.00225125 81 35980
0.00218895 81 37004
0.00218266 83 38027
0.00212526 83 39054
0.00207101 83 40077
