0.000971817 1 1029
0.000974659 2 2052
0.000974976 3 3077
0.000975372 4 4101
0.00117073 6 5125
0.00146389 9 6148
0.00139451 10 7171
0.00146466 12 8193
0.00141028 13 9218
0.0014647 15 10241
0.00142033 16 11265
0.00146484 18 12288
0.00150263 20 13310
0.00146525 21 14332
0.00149779 23 15356
0.00146538 24 16378
0.0014367 25 17401
0.00146548 27 18424
0.00143988 28 19446
0.00146563 30 20469
0.00148893 32 21492
0.0015101 34 22515
0.00148696 35 23538
0.00150645 37 24561
0.0014853 38 25584
0.00150342 40 26606
0.00148395 41 27629
0.00150082 43 28651
