0.00196464 2 1018
0.0068326 14 2049
0.0107282 33 3076
0.011873 49 4127
0.0120365 62 5151
0.0127708 79 6186
0.0134535 97 7210
0.0135873 112 8243
0.0138125 128 9267
0.0140572 145 10315
0.0143752 163 11339
0.0146263 181 12375
0.0147026 197 13399
0.0146223 211 14430
0.0148838 230 15453
0.0150946 249 16496
0.0152397 267 17520
0.0151956 282 18558
0.0152691 299 19582
0.0153249 316 20620
0.0154322 334 21643
0.0154267 350 22688
0.015393 365 23712
0.0153492 380 24757
0.0153601 396 25781
0.0153674 412 26810
0.0154493 430 27833
0.0154448 446 28877
0.015417 461 29902
0.0154543 478 30930
0.0155228 496 31953
0.0155203 512 32989
0.0155529 529 34013
0.0152907 536 35054
