0.00194742 2 1027
0.00146199 3 2052
0.00162602 5 3075
0.00170815 7 4098
0.00195312 10 5120
0.00195376 12 6142
0.00181438 13 7165
0.00183173 15 8189
0.00173668 16 9213
0.0017585 18 10236
0.0017762 20 11260
0.00170954 21 12284
0.00172854 23 13306
0.00174471 25 14329
0.00169359 26 15352
0.00170992 28 16375
0.00172424 30 17399
0.00173715 32 18421
0.00169718 33 19444
0.00170999 35 20468
0.00172165 37 21491
0.00168776 38 22515
0.00169938 40 23538
0.00166931 41 24561
0.00168074 43 25584
0.00169128 45 26607
0.00166486 46 27630
0.00167522 48 28653
0.00168481 50 29677
0.00166124 51 30700
0.00167071 53 31723
0.00167965 55 32745
0.00165842 56 33767
