0.000971817 1 1029
0.00146199 3 2052
0.00162707 5 3073
0.00146484 6 4096
0.00156311 8 5118
0.0016284 10 6141
0.00153567 11 7163
0.00158808 13 8186
0.00162884 15 9209
0.00156372 16 10232
0.00159929 18 11255
0.00154748 19 12278
0.00157895 21 13300
0.00153599 22 14323
0.00156403 24 15345
0.00158827 26 16370
0.00155235 27 17393
0.00152042 28 18416
0.00154329 30 19439
0.001515 31 20462
0.00153603 33 21484
0.00151057 34 22508
0.00152996 36 23530
0.00150688 37 24554
0.00148571 38 25577
0.00150382 40 26599
0.00148427 41 27623
0.00150108 43 28646
