0 0 1017
0 0 2040
0.000653168 2 3062
0.000489237 2 4088
0.000978282 5 5111
0.000814996 5 6135
0.00111763 8 7158
0.00110024 9 8180
0.00130392 12 9203
0.00117371 12 10224
0.0014226 16 11247
0.00130336 16 12276
0.00150387 20 13299
0.00139655 20 14321
0.00149896 23 15344
0.00146637 24 16367
0.00155262 27 17390
0.00146604 27 18417
0.00159473 31 19439
0.00151486 31 20464
0.00162882 35 21488
0.0015548 35 22511
0.00161441 38 23538
0.00154622 38 24576
0.00160169 41 25598
0.00154008 41 26622
0.00159161 44 27645
0.00153417 44 28680
0.00158239 47 29702
0.00156204 48 30729
0.0016062 51 31752
0.00155587 51 32779
0.00159754 54 33802
0.00155061 54 34825
