0 0 1021
0 0 2051
0.00130166 4 3073
0.000976801 4 4095
0.00156342 8 5117
0.00130293 8 6140
0.00167551 12 7162
0.00158827 13 8185
0.00184622 17 9208
0.00166178 17 10230
0.00195503 22 11253
0.00179211 22 12276
0.00195518 26 13298
0.00181501 26 14325
0.00195465 30 15348
0.00183251 30 16371
0.0020123 35 17393
0.00190042 35 18417
0.00200628 39 19439
0.00195437 40 20467
0.00200102 43 21489
0.00191001 43 22513
0.00199703 47 23535
0.00191384 47 24558
0.00199367 51 25581
0.00191628 51 26614
0.0019539 54 27637
0.00191905 55 28660
0.00192029 57 29683
0.00185571 57 30716
0.00192193 61 31739
0.00186186 61 32763
0.00189428 64 33786
0.00183839 64 34813
