0.00097371 1 1027
0.00146341 3 2050
0.00130166 4 3073
0.00146484 6 4096
0.00156189 8 5122
0.00178978 11 6146
0.00167387 12 7169
0.00170898 14 8192
0.00173611 16 9216
0.00166016 17 10240
0.00168694 19 11263
0.00170912 21 12287
0.00165277 22 13311
0.00167434 24 14334
0.00169293 26 15358
0.00170909 28 16383
0.001666 29 17407
0.00168195 31 18431
0.00169622 33 19455
0.00166024 34 20479
0.00167411 36 21504
0.0016424 37 22528
0.00165598 39 23551
0.00162767 40 24575
0.00164069 42 25599
0.00161521 43 26622
0.00162772 45 27646
0.00163934 47 28670
