0.000971817 1 1029
0.0014627 3 2051
0.00162655 5 3074
0.00146449 6 4097
0.00175713 9 5122
0.00178978 11 6146
0.00181336 13 7169
0.00183105 15 8192
0.00184482 17 9215
0.00175833 18 10237
0.0017762 20 11260
0.00170968 21 12283
0.00172867 23 13305
0.00174471 25 14329
0.0016937 26 15351
0.0017711 29 16374
0.00172444 30 17397
0.00173724 32 18420
0.0017487 34 19443
0.00171015 35 20466
0.00172181 37 21489
0.00168799 38 22512
0.0016996 40 23535
0.00171024 42 24558
0.00168094 43 25581
0.00169147 45 26604
0.00166504 46 27627
0.00167533 48 28651
