0.00194553 2 1028
0.00194932 4 2052
0.00227568 7 3076
0.00219352 9 4103
0.00565743 29 5126
0.00504065 31 6150
0.00487941 35 7173
0.0045133 37 8198
0.00422948 39 9221
0.00429436 44 10246
0.00408199 46 11269
0.00406736 50 12293
0.00390478 52 13317
0.00376543 54 14341
0.0038399 59 15365
0.00372224 61 16388
0.00379049 66 17412
0.00368844 68 18436
0.00370009 72 19459
0.00361275 74 20483
0.0035339 76 21506
0.00359537 81 22529
0.00352412 83 23552
0.00362142 89 24576
0.00355469 91 25600
0.00345579 92 26622
0.00350877 97 27645
0.00345321 99 28669
