0.000976562 1 1024
0.00146556 3 2047
0.00130293 4 3070
0.00146592 6 4093
0.00136852 7 5115
0.0014658 9 6140
0.00139606 10 7163
0.00146592 12 8186
0.00141182 13 9208
0.00146628 15 10230
0.00151071 17 11253
0.0014664 18 12275
0.00150421 20 13296
0.00146669 21 14318
0.00149925 23 15341
0.00146663 24 16364
0.00149537 26 17387
0.00152091 28 18410
0.00149231 29 19433
0.00151545 31 20456
0.0014899 32 21478
0.00151104 34 22501
0.00148778 35 23525
0.00150731 37 24547
0.00148617 38 25569
0.00150416 40 26593
