0.00195122 2 1025
0.00146341 3 2050
0.00162707 5 3073
0.00170898 7 4096
0.00156281 8 5119
0.00162813 10 6142
0.0015346 11 7168
0.0015875 13 8189
0.00151943 14 9214
0.00156189 16 10244
0.0015973 18 11269
0.0015456 19 12293
0.00157705 21 13316
0.00153417 22 14340
0.00156209 24 15364
0.00158653 26 16388
0.00155074 27 17411
0.00157318 29 18434
0.00154178 30 19458
0.00156242 32 20481
0.00153453 33 21505
0.00155355 35 22529
0.0015284 36 23554
0.0015461 38 24578
0.00156238 40 25602
0.00153979 41 26627
0.00155515 43 27650
0.00153449 44 28674
0.00154898 46 29697
0.0015299 47 30721
0.0015436 49 31744
0.00155644 51 32767
0.00153887 52 33791
