0.00097371 1 1027
0.00146341 3 2050
0.00162655 5 3074
0.00170857 7 4097
0.00156281 8 5119
0.00162813 10 6142
0.00153481 11 7167
0.0015873 13 8190
0.00162831 15 9212
0.00156342 16 10234
0.00159915 18 11256
0.00154748 19 12278
0.00157895 21 13300
0.00160558 23 14325
0.00156382 24 15347
0.00158827 26 16370
0.00160984 28 17393
0.00162902 30 18416
0.00159473 31 19439
0.00161282 33 20461
0.00158265 34 21483
0.00159957 36 22506
0.0016151 38 23528
0.00158853 39 24551
0.00160319 41 25574
0.00161672 43 26597
0.00159311 44 27619
0.00160609 46 28641
