0.00197044 2 1015
0.000979432 2 2042
0.00195567 6 3068
0.00146556 6 4094
0.00214928 11 5118
0.00179095 11 6142
0.00223214 16 7168
0.00194979 16 8206
0.00227519 21 9230
0.00204638 21 10262
0.00230354 26 11287
0.00210988 26 12323
0.00232262 31 13347
0.00215442 31 14389
0.00233569 36 15413
0.00218832 36 16451
0.00234607 41 17476
0.00221454 41 18514
0.00230309 45 19539
0.00223605 46 20572
0.00231524 50 21596
0.00220887 50 22636
0.00228224 54 23661
0.00222672 55 24700
0.00229349 59 25725
0.00224215 60 26760
0.00233939 65 27785
0.00225491 65 28826
0.0023449 70 29852
0.00226633 70 30887
0.00231888 74 31912
0.00224651 74 32940
0.00232517 79 33976
0.00225572 79 35022
0.00227437 82 36054
0.0022112 82 37084
0.00223056 85 38107
0.00217186 85 39137
0.00211643 85 40162
