0.000976562 1 1024
0.000976562 2 2048
0.00130251 4 3071
0.0012213 5 4094
0.00136799 7 5117
0.00130272 8 6141
0.00139606 10 7163
0.00134376 11 8186
0.00141182 13 9208
0.00136852 14 10230
0.00142184 16 11253
0.00146628 18 12276
0.00142868 19 13299
0.00146638 21 14321
0.00143388 22 15343
0.00146637 24 16367
0.00143769 25 17389
0.00141212 26 18412
0.00144092 28 19432
0.00141775 29 20455
0.00144334 31 21478
0.00142216 32 22501
0.00140282 33 23524
0.00142584 35 24547
0.0014079 36 25570
0.001429 38 26592
