0.000984252 1 1016
0.00537634 11 2046
0.00879479 27 3070
0.0104496 43 4115
0.0112797 58 5142
0.0118276 73 6172
0.0125069 90 7196
0.012766 105 8225
0.0128663 119 9249
0.0129151 133 10298
0.0131614 149 11321
0.0133441 165 12365
0.0133692 179 13389
0.0135885 196 14424
0.0139177 215 15448
0.0141272 233 16493
0.0143289 251 17517
0.0143404 266 18549
0.0144587 283 19573
0.0143176 295 20604
0.0141946 307 21628
0.0142025 322 22672
0.0142634 338 23697
0.0141483 350 24738
0.01409 363 25763
0.0139552 374 26800
0.0139438 388 27826
0.0139226 402 28874
0.0138466 414 29899
0.0137372 425 30938
0.0136408 436 31963
0.0136986 452 32996
0.0137276 467 34019
0.0135521 475 35050
