0.00097561 1 1025
0.00146484 3 2048
0.00162866 5 3070
0.00146592 6 4093
0.00156403 8 5115
0.00146628 9 6138
0.00153631 11 7160
0.00158866 13 8183
0.00152058 14 9207
0.00156403 16 10230
0.00159957 18 11253
0.00154774 19 12276
0.00157918 21 13298
0.0015361 22 14322
0.00156413 24 15344
0.00152746 25 16367
0.00155262 27 17390
0.00152066 28 18413
0.00154353 30 19436
0.00151523 31 20459
0.00148962 32 21482
0.00151078 34 22505
0.00148759 35 23528
0.00150707 37 24551
0.00148594 38 25573
0.00150387 40 26598
0.00148438 41 27621
0.00150124 43 28643
