0.00097371 1 1027
0.00146413 3 2049
0.0016276 5 3072
0.00146484 6 4096
0.00195312 10 5120
0.00179095 11 6142
0.00181438 13 7165
0.00183195 15 8188
0.00173724 16 9210
0.00175901 18 10233
0.00177683 20 11256
0.00171024 21 12279
0.00172906 23 13302
0.0017452 25 14325
0.00169403 26 15348
0.00171013 28 16373
0.00172453 30 17396
0.00168304 31 18419
0.00169736 33 19442
0.00171024 35 20465
0.00167535 36 21488
0.00168799 38 22512
0.0016996 40 23535
0.00166952 41 24558
0.00168094 43 25581
0.00169147 45 26604
0.00170123 47 27627
0.00167539 48 28650
0.00168503 50 29673
0.00169398 52 30697
0.00170245 54 31719
0.00171034 56 32742
0.00171776 58 33765
