0.000972763 1 1028
0.0014627 3 2051
0.00292778 9 3074
0.00268227 11 4101
0.00546235 28 5126
0.00471621 29 6149
0.00432176 31 7173
0.00426985 35 8197
0.00401302 37 9220
0.00400273 41 10243
0.00381679 43 11266
0.00358044 44 12289
0.00360496 48 13315
0.00348724 50 14338
0.00351517 54 15362
0.00341776 56 16385
0.00333161 58 17409
0.00336353 62 18433
0.00328947 64 19456
0.00332031 68 20480
0.00325521 70 21504
0.0032848 74 22528
0.00322704 76 23551
0.00313339 77 24574
0.00320338 82 25598
0.00311784 83 26621
0.00318333 88 27644
0.00310451 89 28668
