0.000974659 1 1026
0.00146413 3 2049
0.00162813 5 3071
0.00146556 6 4094
0.00156342 8 5117
0.00162893 10 6139
0.00153588 11 7162
0.00158827 13 8185
0.00152058 14 9207
0.00156403 16 10230
0.00151071 17 11253
0.00154786 19 12275
0.00157918 21 13298
0.00153621 22 14321
0.00156413 24 15344
0.00158866 26 16366
0.00155271 27 17389
0.00157506 29 18412
0.00159506 31 19435
0.00156418 32 20458
0.00158287 34 21480
0.00155535 35 22503
0.00157273 37 23526
0.00154799 38 24548
0.00156427 40 25571
0.0015793 42 26594
0.00155701 43 27617
0.00157123 45 28640
0.00158447 47 29663
0.00156428 48 30685
0.00157689 50 31708
0.00158871 52 32731
0.00157023 53 33753
