0 0 1035
0.000486145 1 2057
0.00097371 3 3081
0.000730816 3 4105
0.00116982 6 5129
0.000974342 6 6158
0.00153161 11 7182
0.00134048 11 8206
0.00162531 15 9229
0.0014627 15 10255
0.00168455 19 11279
0.00162456 20 12311
0.00180005 24 13333
0.00167154 24 14358
0.00182031 28 15382
0.00170555 28 16417
0.00177742 31 17441
0.00173291 32 18466
0.00179579 35 19490
0.00175396 36 20525
0.00185623 40 21549
0.00177148 40 22580
0.00186401 44 23605
0.00178564 44 24641
0.00183129 47 25665
0.00176096 47 26690
0.00176806 49 27714
0.0017398 50 28739
0.00178073 53 29763
0.00172117 53 30793
0.00176007 56 31817
0.00173558 57 32842
0.00174216 59 33866
0.00169079 59 34895
