0 0 1016
0.000489237 1 2044
0.000652316 2 3066
0.000489237 2 4088
0.000782626 4 5111
0.00114099 7 6135
0.00125751 9 7157
0.00146699 12 8180
0.00152124 14 9203
0.00166162 17 10231
0.00168829 19 11254
0.00179168 22 12279
0.0018041 24 13303
0.00181488 26 14326
0.00182422 28 15349
0.00189094 31 16394
0.0018947 33 17417
0.00195133 36 18449
0.00200298 39 19471
0.00199932 41 20507
0.00204357 44 21531
0.00203964 46 22553
0.00207838 49 23576
0.00211253 52 24615
0.00210625 54 25638
0.00213747 57 26667
0.00213073 59 27690
0.00215862 62 28722
0.00218524 65 29745
