0 0 1017
0.000488759 1 2046
0.00065189 2 3068
0.000488759 2 4092
0.000781861 4 5116
0.00113969 7 6142
0.00125593 9 7166
0.00146502 12 8191
0.00151959 14 9213
0.00165967 17 10243
0.0017751 20 11267
0.00178876 22 12299
0.00187674 25 13321
0.00195108 28 14351
0.00195135 30 15374
0.00201207 33 16401
0.00195133 34 17424
0.00195122 36 18450
0.00200267 39 19474
0.00204718 42 20516
0.00204281 44 21539
0.00208213 47 22573
0.002119 50 23596
0.00211219 52 24619
0.00214483 55 25643
0.00217375 58 26682
0.00216567 60 27705
0.00219268 63 28732
0.00221804 66 29756
