0 0 1023
0 0 2047
0.00130208 4 3072
0.000976801 4 4095
0.00136772 7 5118
0.00113951 7 6143
0.00181387 13 7167
0.00158653 13 8194
0.0019527 18 9218
0.00175473 18 10258
0.00221553 25 11284
0.00203021 25 12314
0.00232419 31 13338
0.00215832 31 14363
0.00240463 37 15387
0.00225376 37 16417
0.00246545 43 17441
0.0023276 43 18474
0.00251321 49 19497
0.00238733 49 20525
0.00255232 55 21549
0.00243589 55 22579
0.00258431 61 23604
0.00247676 61 24629
0.0025728 66 25653
0.00247274 66 26691
0.0025617 71 27716
0.00247042 71 28740
0.00255333 76 29765
0.00246777 76 30797
0.00254533 81 31823
0.00246478 81 32863
0.00250841 85 33886
0.00246355 86 34909
0.00247601 89 35945
0.00240749 89 36968
0.00236898 90 37991
0.00235795 92 39017
0.00229747 92 40044
