0.00097561 1 1025
0.00146484 3 2048
0.00162813 5 3071
0.00146592 6 4093
0.00195465 10 5116
0.00195472 12 6139
0.00181514 13 7162
0.00183262 15 8185
0.00173781 16 9207
0.00332356 34 10230
0.00319915 36 11253
0.00301426 37 12275
0.00293277 39 13298
0.0027931 40 14321
0.00293293 45 15343
0.00287181 47 16366
0.00276037 48 17389
0.00287871 53 18411
0.00277864 54 19434
0.00273732 56 20458
0.00283972 61 21481
0.00293294 66 22503
0.00284767 67 23528
0.00281059 69 24550
0.00285457 73 25573
0.00278227 74 26597
0.00275173 76 27619
0.00268836 77 28642
