0.00293542 3 1022
0.00536847 11 2049
0.00878906 27 3072
0.0104623 43 4110
0.0113016 58 5132
0.0121418 75 6177
0.0123628 89 7199
0.0126382 104 8229
0.0129716 120 9251
0.0133048 137 10297
0.0136042 154 11320
0.0137652 170 12350
0.0139097 186 13372
0.0138812 200 14408
0.0140635 217 15430
0.0142831 235 16453
0.0145342 254 17476
0.0145295 269 18514
0.0145877 285 19537
0.0146773 302 20576
0.0146773 317 21598
0.0147052 333 22645
0.0147463 349 23667
0.0147297 364 24712
0.0148825 383 25735
0.0148339 397 26763
0.014935 415 27787
0.0149202 430 28820
0.0149794 447 29841
0.0150235 464 30885
0.0150437 480 31907
0.0150885 497 32939
0.0151042 513 33964
0.0149126 522 35004
