0.00195886 2 1021
0.000975134 2 2051
0.00162707 5 3073
0.0012207 5 4096
0.00136745 7 5119
0.00130272 8 6141
0.00153567 11 7163
0.0013431 11 8190
0.00151959 14 9213
0.00136625 14 10247
0.0015083 17 11271
0.00138178 17 12303
0.00150094 20 13325
0.00139256 20 14362
0.00149496 23 15385
0.0014009 23 16418
0.00149074 26 17441
0.00140792 26 18467
0.00148794 29 19490
0.00141326 29 20520
0.0014854 32 21543
0.00141787 32 22569
0.00148355 35 23592
0.00146217 36 24621
0.00152082 39 25644
0.00146243 39 26668
0.00151674 42 27691
0.00146224 42 28723
0.0015123 45 29756
0.00146204 45 30779
0.00147789 47 31802
0.00143166 47 32829
0.00147697 50 33853
0.0014332 50 34887
