0 0 1015
0.000488759 1 2046
0.000651678 2 3069
0.0004884 2 4095
0.000781555 4 5118
0.00113895 7 6146
0.00125541 9 7169
0.00146431 12 8195
0.0015186 14 9219
0.0016587 17 10249
0.00177384 20 11275
0.00186946 23 12303
0.00187575 25 13328
0.00195 28 14359
0.00201521 31 15383
0.00188852 31 16415
0.00194976 34 17438
0.00194974 36 18464
0.00200133 39 19487
0.00204688 42 20519
0.00204243 44 21543
0.00208259 47 22568
0.00211927 50 23593
0.00211125 52 24630
0.00214383 55 25655
0.00217351 58 26685
0.00216536 60 27709
0.00219153 63 28747
0.00221692 66 29771
