0 0 1021
0 0 2046
0.000977836 3 3068
0.000977756 4 4091
0.00136879 7 5114
0.00114044 7 6138
0.00153588 11 7162
0.00146413 12 8196
0.00173517 16 9221
0.00155961 16 10259
0.00177258 20 11283
0.00162522 20 12306
0.00180045 24 13330
0.00167189 24 14355
0.00182078 28 15378
0.0017069 28 16404
0.00183623 32 17427
0.00173338 32 18461
0.00184758 36 19485
0.00175516 36 20511
0.00181109 39 21534
0.00172888 39 22558
0.0018235 43 23581
0.00174754 43 24606
0.00175582 45 25629
0.00168792 45 26660
0.00177004 49 27683
0.00170678 49 28709
0.00171532 51 29732
0.00165757 51 30768
0.00169854 54 31792
0.00164549 54 32817
0.0016548 56 33841
0.00160601 56 34869
