0.00195312 2 1024
0.00146556 3 2047
0.00162813 5 3071
0.00170982 7 4094
0.00175884 9 5117
0.0016284 10 6141
0.00167504 12 7164
0.00170982 14 8188
0.00173686 16 9212
0.00166081 17 10236
0.00168739 19 11260
0.00170968 21 12283
0.00172854 23 13306
0.00167481 24 14330
0.00169337 26 15354
0.00170961 28 16378
0.00166648 29 17402
0.00168241 31 18426
0.00169657 33 19451
0.00170949 35 20474
0.0016745 36 21499
0.00168716 38 22523
0.00169866 40 23548
0.00170926 42 24572
0.00167995 43 25596
0.00169046 45 26620
0.00170019 47 27644
0.00170916 49 28669
0.00171763 51 29692
0.00169287 52 30717
0.00170127 54 31741
0.00170919 56 32764
0.00171659 58 33788
