0.00195122 2 1025
0.00146413 3 2049
0.00162707 5 3073
0.00170857 7 4097
0.00156219 8 5121
0.00162734 10 6145
0.00167504 12 7164
0.0015875 13 8189
0.00162831 15 9212
0.00166081 17 10236
0.00159872 18 11259
0.00162787 20 12286
0.00165302 22 13309
0.00160469 23 14333
0.00162792 25 15357
0.00164825 27 16381
0.00166619 29 17405
0.00162787 30 18429
0.00164499 32 19453
0.0016604 34 20477
0.00162783 35 21501
0.00164255 37 22526
0.00165605 39 23550
0.00162774 40 24574
0.00164075 42 25598
0.00165277 44 26622
