0.00194742 2 1027
0.00146413 3 2049
0.00155618 5 3213
0.00165172 7 4238
0.00152091 8 5260
0.0015916 10 6283
0.00150561 11 7306
0.00156044 13 8331
0.00160376 15 9353
0.00154172 16 10378
0.00157853 18 11403
0.00160953 20 12426
0.00156145 21 13449
0.00158928 23 14472
0.00161342 25 15495
0.00157395 26 16519
0.00159617 28 17542
0.00161594 30 18565
0.00158252 31 19589
0.00160101 33 20612
0.00161767 35 21636
0.00158877 36 22659
0.00160453 38 23683
0.00157856 39 24706
0.00159353 41 25729
0.00160736 43 26752
