0.00195312 2 1024
0.00146556 3 2047
0.00162813 5 3071
0.00146556 6 4094
0.00156342 8 5117
0.0016284 10 6141
0.00153546 11 7164
0.00158788 13 8187
0.00152025 14 9209
0.00156387 16 10231
0.00159943 18 11254
0.00154774 19 12276
0.00157918 21 13298
0.00153621 22 14321
0.00156413 24 15344
0.00152746 25 16367
0.00155262 27 17390
0.00152058 28 18414
0.00154361 30 19435
0.0015153 31 20458
0.00153617 33 21482
0.00151078 34 22505
0.00153009 36 23528
0.0015478 38 24551
0.00152499 39 25574
0.00154147 41 26598
