0.000969932 1 1031
0.00145985 3 2055
0.0016239 5 3079
0.00170648 7 4102
0.00156067 8 5126
0.00162628 10 6149
0.00167294 12 7173
0.00158614 13 8196
0.0016269 15 9220
0.00165967 17 10243
0.00159759 18 11267
0.00162721 20 12291
0.00157729 21 13314
0.00160413 23 14338
0.00162739 25 15362
0.00158672 26 16386
0.00160827 28 17410
0.00157318 29 18434
0.00159318 31 19458
0.00161117 33 20482
0.00158095 34 21506
0.00159794 36 22529
0.00161338 38 23553
0.00158685 39 24577
0.0016015 41 25601
0.00161508 43 26624
0.00159144 44 27648
0.0016043 46 28673
