0 0 1018
0.000489956 1 2041
0.000652955 2 3063
0.00122249 5 4090
0.00156495 8 5112
0.00179153 11 6140
0.00195476 14 7162
0.00207596 17 8189
0.00206253 19 9212
0.00214865 22 10239
0.00213125 24 11261
0.002035 25 12285
0.00210384 28 13309
0.00216299 31 14332
0.00221426 34 15355
0.00219807 36 16378
0.00224112 39 17402
0.00227939 42 18426
0.00231374 45 19449
0.00234455 48 20473
0.00237253 51 21496
0.00235273 53 22527
0.00237792 56 23550
0.00240023 59 24581
0.0024215 62 25604
0.00244076 65 26631
0.0024228 67 27654
0.00244056 70 28682
0.0024575 73 29705
