0.000976562 1 1024
0.00146484 3 2048
0.00162813 5 3071
0.00146449 6 4097
0.00156219 8 5121
0.0016276 10 6144
0.00167411 12 7168
0.00158711 13 8191
0.00162813 15 9213
0.00166081 17 10236
0.00159858 18 11260
0.0016284 20 12282
0.00165351 22 13305
0.00160525 23 14328
0.00162835 25 15353
0.00158769 26 16376
0.0016091 28 17401
0.00157403 29 18424
0.00159391 31 19449
0.00156303 32 20473
0.00158162 34 21497
0.00155411 35 22521
0.00157146 37 23545
0.00154666 38 24569
0.00156293 40 25593
0.00157788 42 26618
