0.00194553 2 1028
0.00145985 3 2055
0.00162443 5 3078
0.0014627 6 4102
0.00156098 8 5125
0.00162575 10 6151
0.00167271 12 7174
0.00158575 13 8198
0.00162655 15 9222
0.00165918 17 10246
0.00168589 19 11270
0.00170815 21 12294
0.00172699 23 13318
0.00167352 24 14341
0.00169205 26 15366
0.00170836 28 16390
0.00166533 29 17414
0.00168122 31 18439
0.00169552 33 19463
0.00170832 35 20488
0.00171997 37 21512
0.00168619 38 22536
0.00169779 40 23560
0.00166755 41 24587
0.00167897 43 25611
0.0016519 44 26636
0.00166305 46 27660
0.001673 48 28691
0.001649 49 29715
0.00165913 51 30739
0.00166861 53 31763
0.00167755 55 32786
0.00165631 56 33810
