0.00195312 2 1024
0.00146556 3 2047
0.00162866 5 3070
0.00146592 6 4093
0.00156464 8 5113
0.00146675 9 6136
0.00153674 11 7158
0.00158905 13 8181
0.00152124 14 9203
0.00156464 16 10226
0.00151111 17 11250
0.00154837 19 12271
0.00150478 20 13291
0.00153706 22 14313
0.00149984 23 15335
0.0015283 25 16358
0.00155342 27 17381
0.00152166 28 18401
0.00154448 30 19424
0.00156502 32 20447
0.00153703 33 21470
0.00155604 35 22493
0.00153087 36 23516
0.00154862 38 24538
0.00156488 40 25561
0.00154228 41 26584
