0 0 1020
0 0 2044
0.000978474 3 3066
0.000733676 3 4089
0.00117371 6 5112
0.000977517 6 6138
0.00111732 8 7160
0.000977637 8 8183
0.00119487 11 9206
0.00107464 11 10236
0.00133239 15 11258
0.0012212 15 12283
0.00142793 19 13306
0.00132524 19 14337
0.0014974 23 15360
0.00140304 23 16393
0.00143554 25 17415
0.00135553 25 18443
0.00143841 28 19466
0.00141463 29 20500
0.00148678 32 21523
0.00141901 32 22551
0.00148462 35 23575
0.00142248 35 24605
0.00148275 38 25628
0.00142552 38 26657
0.00148121 41 27680
0.00142812 41 28709
0.00147989 44 29732
0.00143043 44 30760
0.00147878 47 31783
0.00143249 47 32810
0.00144829 49 33833
0.00140558 49 34861
