0 0 1026
0 0 2047
0.00130293 4 3070
0.000976562 4 4096
0.00175816 9 5119
0.00146437 9 6146
0.00209263 15 7168
0.00194956 16 8207
0.00227519 21 9230
0.00204599 21 10264
0.00230354 26 11287
0.00211056 26 12319
0.00239844 32 13342
0.002225 32 14382
0.00246673 38 15405
0.00231115 38 16442
0.00240467 42 17466
0.00232508 43 18494
0.00240803 47 19518
0.00233656 48 20543
0.00241109 52 21567
0.00234482 53 22603
0.0024126 57 23626
0.00231125 57 24662
0.00241386 62 25685
0.00232036 62 26720
0.00241494 67 27744
0.00232809 67 28779
0.00241586 72 29803
0.00233493 72 30836
0.00238551 76 31859
0.00231122 76 32883
0.00238889 81 33907
0.00234628 82 34949
0.00233515 84 35972
0.00229767 85 36994
0.00226215 86 38017
0.00222831 87 39043
0.00217142 87 40066
