0.000971817 1 1029
0.00146199 3 2052
0.00130124 4 3074
0.00146449 6 4097
0.0015625 8 5120
0.00146532 9 6142
0.00153524 11 7165
0.0015875 13 8189
0.00151976 14 9212
0.00156342 16 10234
0.00159886 18 11258
0.00154711 19 12281
0.00157847 21 13304
0.00160536 23 14327
0.00156352 24 15350
0.00158798 26 16373
0.00160957 28 17396
0.00162875 30 18419
0.00164592 32 19442
0.00161251 33 20465
0.00162874 35 21489
0.00164357 37 22512
0.00161462 38 23535
0.0016288 40 24558
0.00164184 42 25581
0.00165382 44 26605
0.00162878 45 27628
0.00164037 47 28652
0.00165122 49 29675
0.00166129 51 30699
0.00163924 52 31722
0.00164911 54 32745
0.00165837 56 33768
