0.00196271 2 1019
0.000978474 2 2044
0.00228162 7 3068
0.0017094 7 4095
0.00234467 12 5118
0.00195408 12 6141
0.00251221 18 7165
0.00219405 18 8204
0.00238405 22 9228
0.00224193 23 10259
0.00239319 27 11282
0.00227347 28 12316
0.00247395 33 13339
0.00229501 33 14379
0.00246721 38 15402
0.00237226 39 16440
0.00246221 43 17464
0.00232432 43 18500
0.00245864 48 19523
0.00233508 48 20556
0.00245598 53 21580
0.00234316 53 22619
0.00241096 57 23642
0.00230956 57 24680
0.00241208 62 25704
0.00231888 62 26737
0.00241337 67 27762
0.00232655 67 28798
0.00241424 72 29823
0.00233312 72 30860
0.00241493 77 31885
0.00233851 77 32927
0.0023853 81 33958
0.00231508 81 34988
0.00233262 84 36011
0.00226782 84 37040
0.00228562 87 38064
0.00222575 87 39088
0.00216898 87 40111
