0 0 1017
0.000488998 1 2045
0.000651678 2 3069
0.000732959 3 4093
0.000586396 3 5116
0.00097704 6 6141
0.00111669 8 7164
0.00134343 11 8188
0.00151976 14 9212
0.00166064 17 10237
0.00168739 19 11260
0.00179007 22 12290
0.00187758 25 13315
0.00195258 28 14340
0.00195249 30 15365
0.00201355 33 16389
0.00200999 35 17413
0.0020064 37 18441
0.00205486 40 19466
0.00204948 42 20493
0.00209137 45 21517
0.00212889 48 22547
0.00216358 51 23572
0.00219485 54 24603
0.00218511 56 25628
0.00221297 59 26661
0.00223948 62 27685
0.00226402 65 28710
0.00225324 67 29735
