0.00097561 1 1025
0.00146484 3 2048
0.00130293 4 3070
0.00146628 6 4092
0.00136826 7 5116
0.00146604 9 6139
0.00139626 10 7162
0.00146574 12 8187
0.00141105 13 9213
0.00146527 15 10237
0.00142109 16 11259
0.00146568 18 12281
0.00142814 19 13304
0.00146587 21 14326
0.00143341 22 15348
0.00146601 24 16371
0.00143728 25 17394
0.00141174 26 18417
0.00144033 28 19440
0.00141726 29 20462
0.00144287 31 21485
0.00146615 33 22508
0.00144496 34 23530
0.00142537 35 24555
0.00144656 37 25578
0.00142846 38 26602
0.00144802 40 27624
0.00143121 41 28647
