0.000978474 1 1022
0.000488281 1 2048
0.00130166 4 3073
0.000975848 4 4099
0.00156189 8 5122
0.00130187 8 6145
0.00167411 12 7168
0.00146484 12 8192
0.00184462 17 9216
0.00165789 17 10254
0.00186203 21 11278
0.00170732 21 12300
0.00187631 25 13324
0.00174252 25 14347
0.00188679 29 15370
0.0017684 29 16399
0.00189427 33 17421
0.0017891 33 18445
0.00184919 36 19468
0.00175678 36 20492
0.00185917 40 21515
0.00177431 40 22544
0.00186702 44 23567
0.00178898 44 24595
0.00183465 47 25618
0.00180173 48 26641
0.00184355 51 27664
0.00177725 51 28696
0.00181696 54 29720
0.00175604 54 30751
0.00179392 57 31774
0.0017377 57 32802
0.00177378 60 33826
0.00172166 60 34850
