0.000974659 1 1026
0.00146484 3 2048
0.00162813 5 3071
0.00171024 7 4093
0.00156372 8 5116
0.00179182 11 6139
0.00181514 13 7162
0.00183262 15 8185
0.00173762 16 9208
0.0030303 31 10230
0.00284369 32 11253
0.00301401 37 12276
0.00308294 41 13299
0.00293235 42 14323
0.00286682 44 15348
0.00293201 48 16371
0.00304703 53 17394
0.00298637 55 18417
0.0029321 57 19440
0.00288325 59 20463
0.00293214 63 21486
0.00302101 68 22509
0.00293218 69 23532
0.00289147 71 24555
0.00281492 72 25578
0.00289474 77 26600
0.00293234 81 27623
0.00289744 83 28646
