0.00194175 2 1030
0.00146128 3 2053
0.00162549 5 3076
0.00170732 7 4100
0.0019516 10 5124
0.00195217 12 6147
0.00195176 14 7173
0.00183016 15 8196
0.00184402 17 9219
0.00185493 19 10243
0.00186385 21 11267
0.00178993 22 12291
0.00180248 24 13315
0.00181336 26 14338
0.00182256 28 15363
0.0017698 29 16386
0.00178048 31 17411
0.00179007 33 18435
0.00174726 34 19459
0.00175764 36 20482
0.00176695 38 21506
0.00177541 40 22530
0.00174068 41 23554
0.00174953 43 24578
0.00175774 45 25601
0.00176532 47 26624
0.00173605 48 27649
0.00174386 50 28672
0.00175102 52 29697
0.00172526 53 30720
0.00173261 55 31744
0.0017395 57 32768
0.00174598 59 33792
