0.00194742 2 1027
0.00195027 4 2051
0.00195059 6 3076
0.00195122 8 4100
0.00292797 15 5123
0.00276603 17 6146
0.00251046 18 7170
0.00317344 26 8193
0.00292969 27 9216
0.00322266 33 10240
0.00310697 35 11265
0.00301082 37 12289
0.00323017 43 13312
0.00313895 45 14336
0.00325521 50 15360
0.00317402 52 16383
0.0031022 54 17407
0.0032013 59 18430
0.00308436 60 19453
0.00322313 66 20477
0.00311628 67 21500
0.00319659 72 22524
0.00314265 74 23547
0.00309308 76 24571
0.0031648 81 25594
0.00311819 83 26618
0.0031475 87 27641
0.00310494 89 28664
0.00306521 91 29688
0.00312581 96 30712
0.00308807 98 31735
0.00314427 103 32758
0.00310826 105 33781
