0.00097371 1 1027
0.00146341 3 2050
0.00130208 4 3072
0.0014652 6 4095
0.00156311 8 5118
0.00146532 9 6142
0.00153567 11 7163
0.00146592 12 8186
0.00152025 14 9209
0.00156387 16 10231
0.00151057 17 11254
0.00154774 19 12276
0.00150387 20 13299
0.0015361 22 14322
0.00149886 23 15345
0.00152737 25 16368
0.00149503 26 17391
0.00152066 28 18413
0.00149208 29 19436
0.00151523 31 20459
0.00148962 32 21482
0.00151084 34 22504
0.00153016 36 23527
0.00150713 37 24550
0.00152505 39 25573
0.00150399 40 26596
0.00152069 42 27619
0.00150129 43 28642
0.00151699 45 29664
0.00149901 46 30687
0.00151367 48 31711
0.00152751 50 32733
0.00151084 51 33756
