0.00097561 1 1025
0.00146484 3 2048
0.00162707 5 3073
0.00146484 6 4096
0.0015625 8 5120
0.00146508 9 6143
0.00153481 11 7167
0.00146484 12 8192
0.0015191 14 9216
0.00156265 16 10239
0.00159801 18 11264
0.00154648 19 12286
0.00157752 21 13312
0.00153471 22 14335
0.0015625 24 15360
0.00158691 26 16384
0.00160855 28 17407
0.00157344 29 18431
0.00159342 31 19455
0.00156265 32 20478
0.00158125 34 21502
0.00159815 36 22526
0.00157113 37 23550
0.00158704 39 24574
0.00160169 41 25598
0.00157764 42 26622
0.00159161 44 27645
0.00156964 45 28669
