0.00195695 2 1022
0.00146628 3 2046
0.00162866 5 3070
0.0017094 7 4095
0.00156311 8 5118
0.00162813 10 6142
0.00153524 11 7165
0.0015875 13 8189
0.00162813 15 9213
0.00156311 16 10236
0.00159858 18 11260
0.00154685 19 12283
0.00157835 21 13305
0.00160514 23 14329
0.00156321 24 15353
0.00158769 26 16376
0.0016092 28 17400
0.00157403 29 18424
0.00159391 31 19449
0.00161188 33 20473
0.00158162 34 21497
0.00159844 36 22522
0.00161393 38 23545
0.0015873 39 24570
0.00160194 41 25594
0.00157788 42 26618
0.00159184 44 27641
0.00160474 46 28665
0.00158313 47 29688
0.00159552 49 30711
0.00160706 51 31735
