0.00393701 4 1016
0.00685602 14 2042
0.0101109 31 3066
0.0114886 47 4091
0.011537 59 5114
0.0116978 72 6155
0.0121204 87 7178
0.0122961 101 8214
0.0124486 115 9238
0.0121607 125 10279
0.0120333 136 11302
0.0120755 149 12339
0.0121988 163 13362
0.0124409 179 14388
0.0125235 193 15411
0.0125844 207 16449
0.0126488 221 17472
0.0127602 236 18495
0.0127568 249 19519
0.012848 264 20548
0.0128877 278 21571
0.0129594 293 22609
0.0130332 308 23632
0.0130481 322 24678
0.0131123 337 25701
0.0130511 349 26741
0.0131105 364 27764
0.0130944 377 28791
0.0130807 390 29815
0.0131622 406 30846
0.0131476 419 31869
0.0131039 431 32891
0.0131804 447 33914
0.0129889 454 34953
