0.00194175 2 1030
0.00146056 3 2054
0.0016239 5 3079
0.00170607 7 4103
0.00175575 9 5126
0.00195122 12 6150
0.00195149 14 7174
0.00195193 16 8197
0.00195207 18 9221
0.00185456 19 10245
0.00186352 21 11269
0.00187098 23 12293
0.0018773 25 13317
0.00188271 27 14341
0.00182244 28 15364
0.0018305 30 16389
0.00183771 32 17413
0.00184412 34 18437
0.00184985 36 19461
0.00180629 37 20484
0.00181336 39 21507
0.00181972 41 22531
0.00182544 43 23556
0.00183076 45 24580
0.00183565 47 25604
0.00180261 48 26628
0.00180819 50 27652
0.00181336 52 28676
0.00181812 54 29701
0.00179013 55 30724
0.00179545 57 31747
0.00180026 59 32773
0.00180511 61 33793
