0.000974659 1 1026
0.000976562 2 2048
0.00130251 4 3071
0.001221 5 4095
0.00117187 6 5120
0.00113914 7 6145
0.00125558 9 7168
0.0012207 10 8192
0.00130208 12 9216
0.00126978 13 10238
0.00124246 14 11268
0.00130177 16 12291
0.00127666 17 13316
0.00125532 18 14339
0.00123674 19 15363
0.00122063 20 16385
0.00126379 22 17408
0.00124749 23 18437
0.0012333 24 19460
0.00126928 26 20484
0.00125541 27 21507
0.00128717 29 22530
0.00127372 30 23553
0.00130208 32 24576
0.00128906 33 25600
0.0013146 35 26624
0.00130213 36 27647
0.00132538 38 28671
