0 0 1016
0.000978953 2 2043
0.00130506 4 3065
0.00170815 7 4098
0.0015625 8 5120
0.00162628 10 6149
0.00181286 13 7171
0.00195217 16 8196
0.00195249 18 9219
0.00205058 21 10241
0.0020419 23 11264
0.00211365 26 12301
0.00217652 29 13324
0.00216043 31 14349
0.00214676 33 15372
0.00219526 36 16399
0.00223791 39 17427
0.00222222 41 18450
0.00225965 44 19472
0.00229235 47 20503
0.00227632 49 21526
0.00230548 52 22555
0.00233278 55 23577
0.00231604 57 24611
0.00234073 60 25633
0.00236291 63 26662
0.00238396 66 27685
0.00240309 69 28713
0.00242139 72 29735
