0.00195312 2 1024
0.00146556 3 2047
0.00162866 5 3070
0.0014652 6 4095
0.00156281 8 5119
0.00162813 10 6142
0.00153481 11 7167
0.0015875 13 8189
0.00151976 14 9212
0.00156326 16 10235
0.00151004 17 11258
0.00154711 19 12281
0.00150331 20 13304
0.00153567 22 14326
0.00156362 24 15349
0.001527 25 16372
0.00155217 27 17395
0.00152017 28 18419
0.00154305 30 19442
0.00151471 31 20466
0.00153567 33 21489
0.00151031 34 22512
0.00152964 36 23535
0.00154736 38 24558
0.00152457 39 25581
0.00154106 41 26605
