0.00097371 1 1027
0.00146413 3 2049
0.00162813 5 3071
0.00146592 6 4093
0.00175919 9 5116
0.00179211 11 6138
0.00167598 12 7160
0.00171086 14 8183
0.00336773 31 9205
0.00312867 32 10228
0.00302222 34 11250
0.00285179 35 12273
0.002783 37 13295
0.00265382 38 14319
0.0029985 46 15341
0.00287233 47 16363
0.00281836 49 17386
0.00271606 50 18409
0.00277892 54 19432
0.00268883 55 20455
0.00279356 60 21478
0.00271123 61 22499
0.00267846 63 23521
0.00272979 67 24544
0.00265978 68 25566
0.00263267 70 26589
0.00257144 71 27611
