0 0 1014
0.000490196 1 2040
0.000652955 2 3063
0.000489596 2 4085
0.000587084 3 5110
0.000652103 4 6134
0.000698714 5 7156
0.000977756 8 8182
0.00119513 11 9204
0.00136866 14 10229
0.0014221 16 11251
0.00154736 19 12279
0.00165389 22 13302
0.00174471 25 14329
0.0017585 27 15354
0.00177088 29 16376
0.00178161 31 17400
0.00184492 34 18429
0.00185071 36 19452
0.00190439 39 20479
0.0019068 41 21502
0.00195252 44 22535
0.00199508 47 23558
0.00203359 50 24587
0.00203054 52 25609
0.00206449 55 26641
0.00209651 58 27665
0.00212573 61 28696
0.00212 63 29717
