0 0 1024
0.000489476 1 2043
0.000978474 3 3066
0.000733317 3 4091
0.00117348 6 5113
0.000977836 6 6136
0.00139684 10 7159
0.0012216 10 8186
0.00119513 11 9204
0.00107537 11 10229
0.00106648 12 11252
0.000977597 12 12275
0.00105279 14 13298
0.000977654 14 14320
0.000977708 15 15342
0.000916646 15 16364
0.000920228 16 17387
0.00086914 16 18409
0.000874891 17 19431
0.000831174 17 20453
0.000884709 19 21476
0.00084452 19 22498
0.000850304 20 23521
0.000814863 20 24544
0.000860518 22 25566
0.00082741 22 26589
0.000833001 23 27611
0.000803185 23 28636
0.000842914 25 29659
0.000814837 25 30681
0.000820086 26 31704
0.000794475 26 32726
0.000829654 28 33749
0.000805222 28 34773
