0.00097371 1 1027
0.0014627 3 2051
0.00130039 4 3076
0.00146413 6 4098
0.00156281 8 5119
0.00146532 9 6142
0.0015346 11 7168
0.0015873 13 8190
0.00151959 14 9213
0.00156326 16 10235
0.00151004 17 11258
0.00154711 19 12281
0.00150308 20 13306
0.00146556 21 14329
0.00149818 23 15352
0.00146574 24 16374
0.0014946 26 17396
0.0014658 27 18420
0.00144011 28 19443
0.00146592 30 20465
0.00144267 31 21488
0.00146595 33 22511
0.00144472 34 23534
0.00146598 36 24557
0.00144644 37 25580
0.00142836 38 26604
0.00144786 40 27627
0.00143106 41 28650
