0 0 1023
0 0 2044
0.000977836 3 3068
0.000732601 3 4095
0.00156281 8 5119
0.0013023 8 6143
0.00167457 12 7166
0.00146449 12 8194
0.00173573 16 9218
0.00155976 16 10258
0.00177274 20 11282
0.00162522 20 12306
0.00180045 24 13330
0.00167131 24 14360
0.00182007 28 15384
0.00176743 29 16408
0.0018357 32 17432
0.00178794 33 18457
0.00184795 36 19481
0.00175498 36 20513
0.00185727 40 21537
0.00177274 40 22564
0.00182296 43 23588
0.00174704 43 24613
0.00183336 47 25636
0.00176274 47 26663
0.0018059 50 27687
0.00174149 50 28711
0.00178241 53 29735
0.00172274 53 30765
0.00176162 56 31789
0.00170664 56 32813
0.00171405 58 33838
0.00166351 58 34866
