0.000981354 1 1019
0.00244499 5 2045
0.00423453 13 3070
0.00560156 23 4106
0.00506823 26 5130
0.00487013 30 6160
0.00459354 33 7184
0.0043849 36 8210
0.00422398 39 9233
0.00399493 41 10263
0.00389864 44 11286
0.00380721 47 12345
0.00374028 50 13368
0.00360986 52 14405
0.00356472 55 15429
0.00346084 57 16470
0.00342975 60 17494
0.00334358 62 18543
0.00332175 65 19568
0.00330241 68 20591
0.00328476 71 21615
0.00322367 73 22645
0.00321095 76 23669
0.0031976 79 24706
0.00318694 82 25730
0.00317698 85 26755
0.00316797 88 27778
0.00312413 90 28808
0.00311746 93 29832
