0.00194932 2 1026
0.00146413 3 2049
0.00162707 5 3073
0.00170815 7 4098
0.00195198 10 5123
0.00195217 12 6147
0.00195258 14 7170
0.0019517 16 8198
0.00184342 17 9222
0.00302528 31 10247
0.00292787 33 11271
0.00276513 34 12296
0.0027027 36 13320
0.00285834 41 14344
0.00273313 42 15367
0.00268424 44 16392
0.00269867 47 17416
0.00276573 51 18440
0.00272298 53 19464
0.00278225 57 20487
0.00274291 59 21510
0.0027069 61 22535
0.00275915 65 23558
0.00268478 66 24583
0.0027729 71 25605
0.00274137 73 26629
0.00278451 77 27653
0.00275472 79 28678
