0.00195312 2 1024
0.00146484 3 2048
0.00162602 5 3075
0.00170732 7 4100
0.00156128 8 5124
0.00162628 10 6149
0.00167271 12 7174
0.00158595 13 8197
0.00162672 15 9221
0.00156174 16 10245
0.00159702 18 11271
0.00162668 20 12295
0.00165178 22 13319
0.00160335 23 14345
0.00162665 25 15369
0.00164714 27 16392
0.00166514 29 17416
0.00162699 30 18439
0.00164406 32 19464
0.00165951 34 20488
0.00162692 35 21513
0.00164174 37 22537
0.00165528 39 23561
0.00162701 40 24585
0.00163998 42 25610
0.00165202 44 26634
0.00166317 46 27658
0.0016386 47 28683
0.00164944 49 29707
0.00165956 51 30731
0.00166903 53 31755
