0.00393701 4 1016
0.0092955 19 2044
0.012056 37 3069
0.0123937 51 4115
0.0120599 62 5141
0.0116354 72 6188
0.0119229 86 7213
0.0123591 102 8253
0.012504 116 9277
0.0123899 128 10331
0.0129458 147 11355
0.0132237 164 12402
0.0134078 180 13425
0.0134182 194 14458
0.0136942 212 15481
0.0139242 230 16518
0.0141375 248 17542
0.0141535 263 18582
0.0142311 279 19605
0.0143965 297 20630
0.014547 315 21654
0.014759 335 22698
0.0147555 350 23720
0.0147516 365 24743
0.014941 385 25768
0.0150724 404 26804
0.0150573 419 27827
0.0149704 432 28857
0.0150263 449 29881
0.0151349 468 30922
0.0152758 488 31946
0.0151336 499 32973
0.0150013 510 33997
0.0147546 517 35040
