0.00097561 1 1025
0.000977517 2 2046
0.00130336 4 3069
0.0012222 5 4091
0.00117325 6 5114
0.00130357 8 6137
0.00125716 9 7159
0.00134441 11 8182
0.00130364 12 9205
0.00127115 13 10227
0.00133321 15 11251
0.00138515 17 12273
0.00135379 18 13296
0.00132691 19 14319
0.00136888 21 15341
0.00134441 22 16364
0.00138042 24 17386
0.00135803 25 18409
0.00133807 26 19431
0.00136893 28 20454
0.00135028 29 21477
0.00133339 30 22499
0.00136043 32 23522
0.00134447 33 24545
0.00132984 34 25567
0.00135384 36 26591
0.00133995 37 27613
0.00136197 39 28635
