0.000971817 1 1029
0.0014627 3 2051
0.00162655 5 3074
0.00146341 6 4100
0.0019478 10 5134
0.00178775 11 6153
0.00181159 13 7176
0.00182949 15 8199
0.00173517 16 9221
0.00175713 18 10244
0.00177525 20 11266
0.00170885 21 12289
0.00172738 23 13315
0.00167399 24 14337
0.00169249 26 15362
0.00170878 28 16386
0.00166581 29 17409
0.00168186 31 18432
0.00164482 32 19455
0.0016604 34 20477
0.00167426 36 21502
0.00164269 37 22524
0.00165626 39 23547
0.001628 40 24570
0.00164107 42 25593
0.0016532 44 26615
0.00162819 45 27638
0.00163986 47 28661
0.00165072 49 29684
0.00162829 50 30707
0.00163888 52 31729
0.00161812 53 32754
0.00162833 55 33777
