0.00195503 2 1023
0.00195503 4 2046
0.0016292 5 3069
0.00171024 7 4093
0.00156372 8 5116
0.00162893 10 6139
0.00153546 11 7164
0.00158788 13 8187
0.00152025 14 9209
0.00156387 16 10231
0.00151071 17 11253
0.00154774 19 12276
0.00157918 21 13298
0.00153631 22 14320
0.00156413 24 15344
0.00152746 25 16367
0.00155262 27 17390
0.00157497 29 18413
0.00154353 30 19436
0.0015641 32 20459
0.0015361 33 21483
0.00155514 35 22506
0.00152996 36 23530
0.00154767 38 24553
0.00152487 39 25576
0.00154135 41 26600
