0.00194553 2 1028
0.00146341 3 2050
0.00162655 5 3074
0.00170857 7 4097
0.00195312 10 5120
0.00195344 12 6143
0.0019534 14 7167
0.00195336 16 8191
0.00195291 18 9217
0.00185493 19 10243
0.00186385 21 11267
0.00187129 23 12291
0.00187758 25 13315
0.00181324 26 14339
0.00182256 28 15363
0.00183072 30 16387
0.00183792 32 17411
0.00184432 34 18435
0.00185023 36 19457
0.00180655 37 20481
0.00181353 39 21505
0.0018198 41 22530
0.00182567 43 23553
0.00183091 45 24578
0.00183587 47 25601
0.00180275 48 26626
0.00180832 50 27650
0.00181355 52 28673
0.00181837 54 29697
0.00182286 56 30721
0.00182706 58 31745
0.00183111 60 32767
0.00183486 62 33790
