0.000977517 1 1023
0.00146699 3 2045
0.00130378 4 3068
0.00146628 6 4092
0.00136745 7 5119
0.00146508 9 6143
0.00153481 11 7167
0.00146449 12 8194
0.00151893 14 9217
0.00146513 15 10238
0.00150977 17 11260
0.00146544 18 12283
0.00150342 20 13303
0.00146607 21 14324
0.00149866 23 15347
0.0014661 24 16370
0.00149494 26 17392
0.0014662 27 18415
0.00149192 29 19438
0.0014662 30 20461
0.00148948 32 21484
0.00146621 33 22507
0.00148746 35 23530
0.00146622 36 24553
0.00148577 38 25576
0.00146628 39 26598
0.00148432 41 27622
0.00146628 42 28644
0.00148318 44 29666
0.00149896 46 30688
0.00148204 47 31713
