0.00097561 1 1025
0.00146413 3 2049
0.00130166 4 3073
0.00146449 6 4097
0.00136719 7 5120
0.00146484 9 6144
0.00139509 10 7168
0.00146484 12 8192
0.0015191 14 9216
0.00146484 15 10240
0.00150937 17 11263
0.00154635 19 12287
0.00150263 20 13310
0.00153492 22 14333
0.00156301 24 15355
0.00152644 25 16378
0.00155146 27 17403
0.00151951 28 18427
0.00154234 30 19451
0.00151404 31 20475
0.00153496 33 21499
0.00150957 34 22523
0.00152886 36 23547
0.00150584 37 24571
0.00152379 39 25594
0.00150274 40 26618
