0.000972763 1 1028
0.0014627 3 2051
0.00130124 4 3074
0.00122041 5 4097
0.00136719 7 5120
0.00130187 8 6145
0.00125558 9 7168
0.00134277 11 8192
0.00130222 12 9215
0.00136745 14 10238
0.00133203 15 11261
0.0013838 17 12285
0.00135257 18 13308
0.00139558 20 14331
0.00136763 21 15355
0.00134335 22 16377
0.00137923 24 17401
0.00135693 25 18424
0.00138839 27 19447
0.00136786 28 20470
0.00134928 29 21493
0.00137674 31 22517
0.00135939 32 23540
0.00134348 33 24563
0.00136788 35 25587
0.00135293 36 26609
0.00133898 37 27633
0.00136097 39 28656
