0.00097371 1 1027
0.00146413 3 2049
0.00162707 5 3073
0.00170898 7 4096
0.00488281 25 5120
0.00439525 27 6143
0.00613925 44 7167
0.00598291 49 8190
0.00553566 51 9213
0.00683861 70 10236
0.00639432 72 11260
0.0073266 90 12284
0.0069888 93 13307
0.00697788 100 14331
0.00814067 125 15355
0.0077543 127 16378
0.00930927 162 17402
0.00895522 165 18425
0.00925497 180 19449
0.00967127 198 20473
0.00930406 200 21496
0.00968028 218 22520
0.00934421 220 23544
0.00968779 238 24567
0.00976906 250 25591
0.0094687 252 26614
0.0100952 279 27637
0.00980426 281 28661
0.010376 308 29684
0.0103885 319 30707
0.0101163 321 31731
0.0108384 355 32754
0.010569 357 33778
