0.000982318 1 1018
0.000489237 1 2044
0.00130336 4 3069
0.0012207 5 4096
0.00156281 8 5119
0.00146556 9 6141
0.00181463 13 7164
0.00158537 13 8200
0.00184322 17 9223
0.0016566 17 10262
0.00186088 21 11285
0.00178716 22 12310
0.00187505 25 13333
0.00174083 25 14361
0.00188508 29 15384
0.00176743 29 16408
0.00183581 32 17431
0.00178697 33 18467
0.0018471 36 19490
0.00180347 37 20516
0.0018571 40 21539
0.00177281 40 22563
0.00186551 44 23586
0.00178796 44 24609
0.00183357 47 25633
0.00176281 47 26662
0.00184215 51 27685
0.00177651 51 28708
0.00181629 54 29731
0.00175524 54 30765
0.00179307 57 31789
0.00176765 58 32812
0.00177326 60 33836
0.00172102 60 34863
