0.00194742 2 1027
0.00146341 3 2050
0.00162655 5 3074
0.00146484 6 4096
0.00175816 9 5119
0.00179095 11 6142
0.00167504 12 7164
0.00158788 13 8187
0.00162866 15 9210
0.00283425 29 10232
0.00266548 30 11255
0.0026065 32 12277
0.00263138 35 13301
0.00251344 36 14323
0.00267153 41 15347
0.00256583 42 16369
0.0025299 44 17392
0.00260629 48 18417
0.00252058 49 19440
0.00249242 51 20462
0.00255993 55 21485
0.00262129 59 22508
0.00259233 61 23531
0.00252505 62 24554
0.00250225 64 25577
0.00255629 68 26601
0.00264263 73 27624
0.00258308 74 28648
