0.00194175 2 1030
0.00146128 3 2053
0.00162496 5 3077
0.0017069 7 4101
0.0019516 10 5124
0.00195185 12 6148
0.00195204 14 7172
0.0019517 16 8198
0.00195207 18 9221
0.00185456 19 10245
0.00186319 21 11271
0.00187068 23 12295
0.00187702 25 13319
0.00188232 27 14344
0.00188704 29 15368
0.0018914 31 16390
0.0018376 32 17414
0.00184392 34 18439
0.00179828 35 19463
0.00180602 37 20487
0.00181294 39 21512
0.00181931 41 22536
0.00182513 43 23560
0.00183076 45 24580
0.00179659 46 25604
0.00180261 48 26628
0.00180812 50 27653
0.00181336 52 28676
