0.000974659 1 1026
0.00097561 2 2050
0.00130166 4 3073
0.0012207 5 4096
0.00136719 7 5120
0.0013023 8 6143
0.00139548 10 7166
0.00134327 11 8189
0.00130251 12 9213
0.00136772 14 10236
0.00133215 15 11260
0.00138403 17 12283
0.00135277 18 13306
0.00139606 20 14326
0.00136817 21 15349
0.00140484 23 16372
0.00137979 24 17394
0.00141166 26 18418
0.00138882 27 19441
0.00141705 29 20465
0.00139619 30 21487
0.00142159 32 22510
0.00140223 33 23534
0.00138448 34 24558
0.00140724 36 25582
0.00139066 37 26606
