0.000974659 1 1026
0.00146341 3 2050
0.00162707 5 3073
0.00170898 7 4096
0.0015625 8 5120
0.00179036 11 6144
0.00181387 13 7167
0.00183128 15 8191
0.0017363 16 9215
0.00302764 31 10239
0.00292995 33 11263
0.00276715 34 12287
0.00270473 36 13310
0.0025811 37 14335
0.00273473 42 15358
0.00262467 43 16383
0.00258517 45 17407
0.00265871 49 18430
0.00277578 54 19454
0.00278347 57 20478
0.00269742 58 21502
0.00275238 62 22526
0.00271762 64 23550
0.00264518 65 24573
0.00261749 67 25597
0.00259194 69 26621
0.00260445 72 27645
0.00268592 77 28668
