0.00194363 2 1029
0.00146128 3 2053
0.00162602 5 3075
0.00170815 7 4098
0.00195198 10 5123
0.00195249 12 6146
0.00181336 13 7169
0.00183061 15 8194
0.00184462 17 9216
0.00175798 18 10239
0.00177588 20 11262
0.00179095 22 12284
0.00180343 24 13308
0.00181438 26 14330
0.00182375 28 15353
0.00183195 30 16376
0.00183929 32 17398
0.00184572 34 18421
0.00185138 36 19445
0.0018077 37 20468
0.00181488 39 21489
0.00182117 41 22513
0.00182699 43 23536
0.00179153 44 24560
0.00179807 46 25583
0.0018041 48 26606
0.00180969 50 27629
0.00181495 52 28651
