0.000979432 1 1021
0.000491159 1 2036
0.00163452 5 3059
0.00146987 6 4082
0.00176332 9 5104
0.00146891 9 6127
0.00181844 13 7149
0.0015906 13 8173
0.00195737 18 9196
0.00176142 18 10219
0.00204626 23 11240
0.00195647 24 12267
0.00218193 29 13291
0.00202571 29 14316
0.00221672 34 15338
0.00207786 34 16363
0.00218567 38 17386
0.00211853 39 18409
0.00231577 45 19432
0.00219834 45 20470
0.00227981 49 21493
0.00217526 49 22526
0.00229309 54 23549
0.00219744 54 24574
0.00230487 59 25598
0.00221513 59 26635
0.00231398 64 27658
0.00226512 65 28696
0.00235524 70 29721
0.00227576 70 30759
0.00232836 74 31782
0.00225575 74 32805
0.00230578 78 33828
0.00223726 78 34864
0.00225696 81 35889
0.00219447 81 36911
0.00221431 84 37935
0.00215611 84 38959
0.00210095 84 39982
