0.00195312 2 1024
0.00146484 3 2048
0.00162813 5 3071
0.00146556 6 4094
0.00156372 8 5116
0.00162893 10 6139
0.00153546 11 7164
0.00158808 13 8186
0.00151992 14 9211
0.00146585 15 10233
0.00142121 16 11258
0.00138425 17 12281
0.00135308 18 13303
0.00139597 20 14327
0.00136817 21 15349
0.00140492 23 16371
0.00137979 24 17394
0.00135744 25 18417
0.00138889 27 19440
0.00136839 28 20462
0.00139626 30 21486
0.00137729 31 22508
0.00140241 33 23531
0.0013847 34 24554
0.00140757 36 25576
0.00139103 37 26599
