0.000978474 1 1022
0.00146771 3 2044
0.00163079 5 3066
0.00146735 6 4089
0.00156433 8 5114
0.00162973 10 6136
0.00167621 12 7159
0.00158885 13 8182
0.00162973 15 9204
0.00156433 16 10228
0.00160014 18 11249
0.00162946 20 12274
0.00157942 21 13296
0.00160626 23 14319
0.00156433 24 15342
0.00158876 26 16365
0.00161031 28 17388
0.00157515 29 18411
0.00159514 31 19434
0.00161314 33 20457
0.00158279 34 21481
0.00159972 36 22504
0.00157259 37 23528
0.00158859 39 24550
0.00160325 41 25573
0.00157918 42 26596
0.00159311 44 27619
0.00157112 45 28642
