0.00491642 5 1017
0.00878477 18 2049
0.0113932 35 3072
0.0123816 51 4119
0.012641 65 5142
0.0129681 80 6169
0.0136244 98 7193
0.013835 114 8240
0.0140343 130 9263
0.0142843 147 10291
0.0146708 166 11315
0.0148843 184 12362
0.0150168 201 13385
0.0151179 218 14420
0.0152173 235 15443
0.0153594 253 16472
0.0154901 271 17495
0.0155938 289 18533
0.0155451 304 19556
0.0156447 322 20582
0.0157371 340 21605
0.0158513 359 22648
0.0158844 376 23671
0.0158223 391 24712
0.0158928 409 25735
0.0159779 428 26787
0.0160009 445 27811
0.0159753 461 28857
0.0159639 477 29880
0.0160106 495 30917
0.0160599 513 31943
0.0160073 528 32985
0.0159668 543 34008
0.0156642 549 35048
