0.000976562 1 1024
0.00146699 3 2045
0.00130421 4 3067
0.00146663 6 4091
0.00156464 8 5113
0.00179299 11 6135
0.00181615 13 7158
0.00171149 14 8180
0.00173837 16 9204
0.00166178 17 10230
0.00168874 19 11251
0.00171107 21 12273
0.00172997 23 13295
0.00167621 24 14318
0.00169492 26 15340
0.00171128 28 16362
0.0016681 29 17385
0.00168414 31 18407
0.00164702 32 19429
0.00166243 34 20452
0.00167645 36 21474
0.00164474 37 22496
0.00165823 39 23519
0.00167067 41 24541
0.001643 42 25563
0.00165501 44 26586
0.00166618 46 27608
0.00164163 47 28630
