0 0 1018
0.000489237 1 2044
0.000978155 3 3067
0.00195456 8 4093
0.00254105 13 5116
0.00260036 16 6153
0.00278629 20 7178
0.00280419 23 8202
0.00271032 25 9224
0.00263363 27 10252
0.00257229 29 11274
0.00259846 32 12315
0.00254892 34 13339
0.00257588 37 14364
0.0025996 40 15387
0.00255926 42 16411
0.00258102 45 17435
0.00259979 48 18463
0.00261726 51 19486
0.00258335 53 20516
0.00259994 56 21539
0.00257001 58 22568
0.00258573 61 23591
0.0025993 64 24622
0.0025736 66 25645
0.00258659 69 26676
0.00259937 72 27699
0.00257606 74 28726
0.00258832 77 29749
