0.00097561 1 1025
0.00146413 3 2049
0.00162655 5 3074
0.00170857 7 4097
0.00195274 10 5121
0.00179007 11 6145
0.00181336 13 7169
0.00170898 14 8192
0.00173649 16 9214
0.00293026 30 10238
0.0031078 35 11262
0.00293016 36 12286
0.00277986 37 13310
0.0027208 39 14334
0.00260451 40 15358
0.00299109 49 16382
0.00287257 50 17406
0.00282149 52 18430
0.00272438 53 19454
0.00268581 55 20478
0.00274393 59 21502
0.00266347 60 22527
0.00263258 62 23551
0.00280773 69 24575
0.00273459 70 25598
0.00270453 72 26622
0.00274904 76 27646
0.00268573 77 28670
