0.00097561 1 1025
0.000976086 2 2049
0.00130208 4 3072
0.0012207 5 4096
0.00136745 7 5119
0.00146508 9 6143
0.00139509 10 7168
0.00146484 12 8192
0.00141059 13 9216
0.00146484 15 10240
0.00150923 17 11264
0.00146484 18 12288
0.0015024 20 13312
0.00153471 22 14335
0.0015626 24 15359
0.00152588 25 16384
0.00155101 27 17408
0.0015191 28 18432
0.00154194 30 19456
0.00151367 31 20480
0.00153453 33 21505
0.00150923 34 22528
0.0015284 36 23554
0.00150535 37 24579
0.00152326 39 25603
0.00150223 40 26627
0.00151888 42 27652
0.00149951 43 28676
