0.000977517 1 1023
0.00146628 3 2046
0.00130336 4 3069
0.00146592 6 4093
0.00156372 8 5116
0.00146556 9 6141
0.00153588 11 7162
0.0014661 12 8185
0.00152058 14 9207
0.00146671 15 10227
0.00151111 17 11250
0.00154837 19 12271
0.00150455 20 13293
0.00153674 22 14316
0.00149954 23 15338
0.00152812 25 16360
0.00149571 26 17383
0.00152124 28 18406
0.00149277 29 19427
0.00151574 31 20452
0.00153674 33 21474
0.00151131 34 22497
0.00153061 36 23520
0.00150756 37 24543
0.00152552 39 25565
0.00154199 41 26589
0.00152113 42 27611
0.00153663 44 28634
0.0015174 45 29656
0.00153204 47 30678
0.00151415 48 31701
