0.00194742 2 1027
0.00146341 3 2050
0.00162707 5 3073
0.0014652 6 4095
0.00156281 8 5119
0.00162813 10 6142
0.00167504 12 7164
0.00183217 15 8187
0.00173724 16 9210
0.00302912 31 10234
0.00284268 32 11257
0.00285016 35 12280
0.00293189 39 13302
0.00286213 41 14325
0.00293179 45 15349
0.00287075 47 16372
0.00281706 49 17394
0.00276903 51 18418
0.00282907 55 19441
0.00288325 59 20463
0.00283906 61 21486
0.00275445 62 22509
0.0027197 64 23532
0.00276929 68 24555
0.00285402 73 25578
0.00278185 74 26601
0.00285983 79 27624
0.00279261 80 28647
