0 0 1018
0.000488998 1 2045
0.000652103 2 3067
0.000733496 3 4090
0.000782473 4 5112
0.00114118 7 6134
0.00139743 10 7156
0.00146717 12 8179
0.00163026 15 9201
0.00176056 18 10224
0.00186733 21 11246
0.00187464 23 12269
0.00188083 25 13292
0.00188561 27 14319
0.00195542 30 15342
0.00201625 33 16367
0.00201265 35 17390
0.00206309 38 18419
0.00210895 41 19441
0.00214949 44 20470
0.00214033 46 21492
0.00217565 49 22522
0.00216616 51 23544
0.0021978 54 24570
0.00222717 57 25593
0.0022168 59 26615
0.00224329 62 27638
0.00226742 65 28667
0.00229041 68 29689
