0.000974659 1 1026
0.00146413 3 2049
0.00162707 5 3073
0.0014652 6 4095
0.00156342 8 5117
0.00162866 10 6140
0.00153588 11 7162
0.00158788 13 8187
0.00162866 15 9210
0.00156357 16 10233
0.00159915 18 11256
0.0016288 20 12279
0.00157883 21 13301
0.0016057 23 14324
0.00162888 25 15348
0.00158817 26 16371
0.00160984 28 17393
0.00162902 30 18416
0.00159473 31 19439
0.00161275 33 20462
0.0015825 34 21485
0.0015995 36 22507
0.00161489 38 23531
0.0015884 39 24553
0.00160307 41 25576
0.00157895 42 26600
0.00159299 44 27621
0.00160592 46 28644
0.0015842 47 29668
0.00159661 49 30690
0.00160817 51 31713
0.00158851 52 32735
0.00159962 54 33758
