0.000971817 1 1029
0.00146199 3 2052
0.00162602 5 3075
0.00146413 6 4098
0.00195274 10 5121
0.00179036 11 6144
0.00181387 13 7167
0.0017094 14 8190
0.00173668 16 9213
0.00166081 17 10236
0.00168754 19 11259
0.0016284 20 12282
0.00165351 22 13305
0.00167504 24 14328
0.00162856 25 15351
0.00164896 27 16374
0.00160938 28 17398
0.00162858 30 18421
0.00159424 31 19445
0.00161227 33 20468
0.00162866 35 21490
0.00159901 36 22514
0.00161448 38 23537
0.00158788 39 24561
0.0016025 41 25585
0.00157847 42 26608
0.00159241 44 27631
0.00160536 46 28654
0.00158372 47 29677
0.00159604 49 30701
0.00160762 51 31724
0.00158793 52 32747
0.00159905 54 33770
