0.00294985 3 1017
0.0058651 12 2046
0.00944625 29 3070
0.0104623 43 4110
0.0112994 58 5133
0.0119741 74 6180
0.0122171 88 7203
0.0123907 102 8232
0.0125324 116 9256
0.012716 131 10302
0.0131544 149 11327
0.0133269 165 12381
0.0134278 180 13405
0.0134228 194 14453
0.0135685 210 15477
0.0137351 227 16527
0.0139023 244 17551
0.013933 259 18589
0.0138691 272 19612
0.0137119 283 20639
0.0136632 296 21664
0.0136516 310 22708
0.0136946 325 23732
0.0136422 338 24776
0.0136827 353 25799
0.0137905 370 26830
0.0138904 387 27861
0.0139067 402 28907
0.013932 417 29931
0.0140199 434 30956
0.0140999 451 31986
0.0141412 467 33024
0.0141569 482 34047
0.0139138 488 35073
