0.00195122 2 1025
0.00146413 3 2049
0.00162707 5 3073
0.00146449 6 4097
0.00156219 8 5121
0.00162681 10 6147
0.00153353 11 7173
0.00158595 13 8197
0.00151844 14 9220
0.00156219 16 10242
0.0015091 17 11265
0.00154622 19 12288
0.00157752 21 13312
0.00160435 23 14336
0.0015625 24 15360
0.00158691 26 16384
0.00160846 28 17408
0.00157327 29 18433
0.00159326 31 19457
0.00161125 33 20481
0.00158103 34 21505
0.00159794 36 22529
0.00157086 37 23554
0.00158678 39 24578
0.00160144 41 25602
0.00157741 42 26626
