0.00195886 2 1021
0.00682594 14 2051
0.010078 31 3076
0.01143 47 4112
0.0116822 60 5136
0.0120091 74 6162
0.0123852 89 7186
0.0130075 107 8226
0.0131906 122 9249
0.0133294 137 10278
0.0133616 151 11301
0.0135299 167 12343
0.0137652 184 13367
0.0138108 199 14409
0.0139321 215 15432
0.0141375 233 16481
0.0143388 251 17505
0.014406 267 18534
0.0145217 284 19557
0.0146195 301 20589
0.0147134 318 21613
0.0147416 334 22657
0.0147792 350 23682
0.0148916 368 24712
0.0149596 385 25736
0.0149371 400 26779
0.0149978 417 27804
0.0150144 433 28839
0.0150348 449 29864
0.0150838 466 30894
0.0151325 483 31918
0.0152375 502 32945
0.0152492 518 33969
0.0150004 525 34999
