0.000971817 1 1029
0.00145985 3 2055
0.00162443 5 3078
0.00146199 6 4104
0.00156037 8 5127
0.00162522 10 6153
0.00153203 11 7180
0.00158459 13 8204
0.00162514 15 9230
0.00165789 17 10254
0.00159617 18 11277
0.00162602 20 12300
0.00165116 22 13324
0.00167282 24 14347
0.00162644 25 15371
0.00164694 27 16394
0.00166494 29 17418
0.00168095 31 18442
0.00164389 32 19466
0.00165935 34 20490
0.00167333 36 21514
0.00168597 38 22539
0.00169758 40 23563
0.00166755 41 24587
0.00167897 43 25611
0.00168951 45 26635
0.00169927 47 27659
0.00167341 48 28684
0.00168305 50 29708
0.00169205 52 30732
0.00170047 54 31756
0.00167785 55 32780
0.00168624 57 33803
