0.00195312 2 1024
0.00146556 3 2047
0.00162866 5 3070
0.00146556 6 4094
0.00156342 8 5117
0.00146604 9 6139
0.00153588 11 7162
0.0014661 12 8185
0.00152058 14 9207
0.00146628 15 10230
0.00151057 17 11254
0.00154774 19 12276
0.00150387 20 13299
0.00153621 22 14321
0.00156382 24 15347
0.00152737 25 16368
0.00155253 27 17391
0.00152075 28 18412
0.00154353 30 19436
0.00156418 32 20458
0.00153624 33 21481
0.00155528 35 22504
0.00153016 36 23527
0.00154786 38 24550
0.00156415 40 25573
0.00154164 41 26595
