0.000974659 1 1026
0.000976086 2 2049
0.000976245 3 3073
0.001221 5 4095
0.00156311 8 5118
0.0014658 9 6140
0.00139606 10 7163
0.00134441 11 8182
0.00141258 13 9203
0.00136933 14 10224
0.0014226 16 11247
0.00138572 17 12268
0.0013543 18 13291
0.00139723 20 14314
0.00143463 22 15335
0.00146699 24 16360
0.00143819 25 17383
0.00141266 26 18405
0.00144122 28 19428
0.00141802 29 20451
0.00139704 30 21474
0.00142248 32 22496
0.00144564 34 23519
0.00142618 35 24541
0.00140829 36 25563
0.00142932 38 26586
0.00141263 39 27608
0.00143201 41 28631
