0.00195503 2 1023
0.00147348 3 2036
0.00163345 5 3061
0.00146879 6 4085
0.00156617 8 5108
0.00146795 9 6131
0.0015376 11 7154
0.00146753 12 8177
0.00152174 14 9200
0.00156525 16 10222
0.00151178 17 11245
0.00154874 19 12268
0.00150478 20 13291
0.00153696 22 14314
0.00149964 23 15337
0.00152802 25 16361
0.00149563 26 17384
0.00152116 28 18407
0.00154392 30 19431
0.0015156 31 20454
0.00153653 33 21477
0.00151111 34 22500
0.00148791 35 23523
0.00150731 37 24547
0.00148612 38 25570
0.0015041 40 26594
