0.000982318 1 1018
0.000977995 2 2045
0.00195376 6 3071
0.00146449 6 4097
0.00195312 10 5120
0.00162787 10 6143
0.00209293 15 7167
0.00182815 15 8205
0.00216732 20 9228
0.00204539 21 10267
0.00221415 25 11291
0.00202823 25 12326
0.00224736 30 13349
0.00215517 31 14384
0.00227155 35 15408
0.00218925 36 16444
0.0022899 40 17468
0.00216216 40 18500
0.00230497 45 19523
0.00218999 45 20548
0.00227167 49 21570
0.00216728 49 22609
0.00228504 54 23632
0.00218907 54 24668
0.0022576 58 25691
0.00220767 59 26725
0.00227035 63 27749
0.00218872 63 28784
0.00224757 67 29810
0.00220414 68 30851
0.00225889 72 31874
0.00218858 72 32898
0.00226985 77 33923
0.00220245 77 34961
0.00222321 80 35984
0.00216175 80 37007
0.00215619 82 38030
0.0020995 82 39057
0.00204591 82 40080
