0 0 1020
0 0 2042
0.000651042 2 3072
0.000488162 2 4097
0.000976372 5 5121
0.000813537 5 6146
0.00125523 9 7170
0.00109783 9 8198
0.00130124 12 9222
0.00116993 12 10257
0.00132979 15 11280
0.00121892 15 12306
0.00142536 19 13330
0.00132303 19 14361
0.00142996 22 15385
0.00134024 22 16415
0.00149091 26 17439
0.00140784 26 18468
0.00148771 29 19493
0.00141339 29 20518
0.00148547 32 21542
0.00141775 32 22571
0.00148337 35 23595
0.00146223 36 24620
0.00148177 38 25645
0.0014621 39 26674
0.00151635 42 27698
0.00146204 42 28727
0.00151255 45 29751
0.00146208 45 30778
0.00147789 47 31802
0.00143175 47 32827
0.00147702 50 33852
0.00143361 50 34877
