0.00292113 3 1027
0.00243902 5 2050
0.00195249 6 3073
0.00195265 8 4097
0.00507813 26 5120
0.00455803 28 6143
0.00879029 63 7167
0.00793554 65 8191
0.0074886 69 9214
0.00996288 102 10238
0.00914661 103 11261
0.0113146 139 12285
0.01052 140 13308
0.0107459 154 14331
0.0112667 173 15355
0.0106851 175 16378
0.011205 195 17403
0.0106914 197 18426
0.0107455 209 19450
0.0110384 226 20474
0.0106061 228 21497
0.0109231 246 22521
0.010533 248 23545
0.011112 273 24568
0.0111363 285 25592
0.0107834 287 26615
0.0110351 305 27639
0.010711 307 28662
0.0111167 330 29685
0.0108112 332 30709
0.0105253 334 31733
0.0109904 360 32756
0.0106868 361 33780
