0.00291829 3 1028
0.00243546 5 2053
0.00227568 7 3076
0.00219566 9 4099
0.00195198 10 5123
0.00195249 12 6146
0.00195176 14 7173
0.00195193 16 8197
0.00195228 18 9220
0.00195236 20 10244
0.0019526 22 11267
0.00195265 24 12291
0.00195283 26 13314
0.00195285 28 14338
0.00188778 29 15362
0.00195289 32 16386
0.00189546 33 17410
0.00189877 35 18433
0.00190163 37 19457
0.0019043 39 20480
0.00190662 41 21504
0.00190874 43 22528
0.00191067 45 23552
0.00191243 47 24576
0.00187507 48 25599
0.00187808 50 26623
0.00188086 52 27647
0.00184862 53 28670
