0.000971817 1 1029
0.0014627 3 2051
0.00162549 5 3076
0.00146377 6 4099
0.00175713 9 5122
0.00179036 11 6144
0.00167434 12 7167
0.0017094 14 8190
0.00162813 15 9213
0.00156311 16 10236
0.00159872 18 11259
0.00154698 19 12282
0.00157871 21 13302
0.00160558 23 14325
0.00156372 24 15348
0.00158817 26 16371
0.00155226 27 17394
0.00152033 28 18417
0.00154321 30 19440
0.00151486 31 20464
0.00153581 33 21487
0.00151051 34 22509
0.00152977 36 23533
0.00154748 38 24556
0.00152463 39 25580
0.00150359 40 26603
0.00152031 42 27626
0.00150087 43 28650
