0.000977517 1 1023
0.00146556 3 2047
0.00130293 4 3070
0.00146556 6 4094
0.00156311 8 5118
0.00146556 9 6141
0.00153546 11 7164
0.00146574 12 8187
0.00152009 14 9210
0.00146556 15 10235
0.00151004 17 11258
0.00146568 18 12281
0.00150342 20 13303
0.00146576 21 14327
0.00149847 23 15349
0.00146583 24 16373
0.0014946 26 17396
0.00146588 27 18419
0.00149162 29 19442
0.00146599 30 20464
0.0014892 32 21488
0.00151044 34 22510
0.00148727 35 23533
0.0015067 37 24557
0.00152457 39 25581
0.00150353 40 26604
0.0015202 42 27628
0.00153567 44 28652
0.00151643 45 29675
0.00153104 47 30698
0.00151319 48 31721
