0.000972763 1 1028
0.00146341 3 2050
0.00162655 5 3074
0.00146484 6 4096
0.00175816 9 5119
0.00179095 11 6142
0.00167504 12 7164
0.00171003 14 8187
0.00162884 15 9209
0.00166129 17 10233
0.00159915 18 11256
0.0016288 20 12279
0.00157883 21 13301
0.0016057 23 14324
0.00156382 24 15347
0.00158837 26 16369
0.00155235 27 17393
0.0015748 29 18415
0.00154337 30 19438
0.00156395 32 20461
0.00158257 34 21484
0.00155507 35 22507
0.00157246 37 23530
0.00154767 38 24553
0.00156391 40 25577
0.00154141 41 26599
0.00155673 43 27622
0.00153615 44 28643
0.00155065 46 29665
0.00153154 47 30688
0.00154525 49 31710
0.00152751 50 32733
0.00154051 52 33755
