0.000977517 1 1023
0.00146484 3 2048
0.00162813 5 3071
0.0014652 6 4095
0.00156372 8 5116
0.00146628 9 6138
0.00153631 11 7160
0.00146663 12 8182
0.00152108 14 9204
0.00146671 15 10227
0.00151125 17 11249
0.00146687 18 12271
0.00150444 20 13294
0.00153674 22 14316
0.00149954 23 15338
0.00152802 25 16361
0.00155324 27 17383
0.00152133 28 18405
0.00154416 30 19428
0.00151589 31 20450
0.00153689 33 21472
0.00151145 34 22495
0.00153074 36 23518
0.00154843 38 24541
0.00152558 39 25564
0.00154211 41 26587
