0.000983284 1 1017
0.00195695 4 2044
0.00358657 11 3067
0.00464434 19 4091
0.00449834 23 5113
0.00407365 25 6137
0.00405028 29 7160
0.00391055 32 8183
0.00380187 35 9206
0.00371529 38 10228
0.00373267 42 11252
0.00366599 45 12275
0.00360957 48 13298
0.00356021 51 14325
0.00351837 54 15348
0.00348134 57 16373
0.00339158 59 17396
0.00341982 63 18422
0.00339419 66 19445
0.00337062 69 20471
0.00334962 72 21495
0.00333067 75 22518
0.00331337 78 23541
0.0032967 81 24570
0.00324307 83 25593
0.00322823 86 26640
0.00321729 89 27663
0.00317228 91 28686
0.00316402 94 29709
