0.000971817 1 1029
0.00146199 3 2052
0.00130081 4 3075
0.00146377 6 4099
0.00136639 7 5123
0.00146413 9 6147
0.0013947 10 7170
0.00146466 12 8193
0.0015191 14 9216
0.00146499 15 10239
0.00150937 17 11263
0.00146472 18 12289
0.00150229 20 13313
0.00146484 21 14336
0.00149749 23 15359
0.00146502 24 16382
0.00149374 26 17406
0.001465 27 18430
0.00149077 29 19453
0.00146513 30 20476
0.00148844 32 21499
0.00146523 33 22522
0.00148645 35 23546
0.00146526 36 24569
0.00148478 38 25593
0.00146528 39 26616
0.00148336 41 27640
0.0014653 42 28663
