0 0 1022
0 0 2046
0.000651466 2 3070
0.000732422 3 4096
0.000976181 5 5122
0.000813405 5 6147
0.00125506 9 7171
0.00109756 9 8200
0.00108413 10 9224
0.0009758 10 10248
0.00106468 12 11271
0.000976007 12 12295
0.000976049 13 13319
0.000906365 13 14343
0.000911043 14 15367
0.000915136 15 16391
0.000918801 16 17414
0.000867773 16 18438
0.000924879 18 19462
0.000878649 18 20486
0.00088331 19 21510
0.000843021 19 22538
0.000891266 21 23562
0.00085411 21 24587
0.00081996 21 25611
0.000788436 21 26635
0.000831556 23 27659
0.000801869 23 28683
0.00080789 24 29707
0.000813511 25 30731
0.000787253 25 31756
0.000793167 26 32780
0.00076914 26 33804
0.000775216 27 34829
0.000753054 27 35854
