0 0 1015
0.00097704 2 2047
0.0016292 5 3069
0.00219727 9 4096
0.00234421 12 5119
0.00211657 13 6142
0.0020938 15 7164
0.00195193 16 8197
0.00184362 17 9221
0.00204978 21 10245
0.00212993 24 11268
0.00203384 25 12292
0.0020999 28 13334
0.00215637 31 14376
0.00220808 34 15398
0.00225308 37 16422
0.00234997 41 17447
0.00232671 43 18481
0.00235849 46 19504
0.00238675 49 20530
0.00241277 52 21552
0.00243578 55 22580
0.00245731 58 23603
0.00247706 61 24626
0.00249522 64 25649
0.00251106 67 26682
0.00249053 69 27705
0.00254107 73 28728
0.00255454 76 29751
