0.000976562 1 1024
0.00146556 3 2047
0.00130251 4 3071
0.00146341 6 4100
0.00136639 7 5123
0.00146461 9 6145
0.00139509 10 7168
0.0014652 12 8190
0.0014112 13 9212
0.00146585 15 10233
0.00142159 16 11255
0.00146604 18 12278
0.00150365 20 13301
0.00146607 21 14324
0.00149866 23 15347
0.00146601 24 16371
0.00149477 26 17394
0.00146604 27 18417
0.00149177 29 19440
0.00146606 30 20463
0.00148927 32 21487
0.00146602 33 22510
0.00148727 35 23533
0.00146604 36 24556
0.00148559 38 25579
0.00146606 39 26602
0.00148416 41 27625
0.00146607 42 28648
0.00148293 44 29671
0.00146608 45 30694
0.00148186 47 31717
