0.00097371 1 1027
0.00146341 3 2050
0.00162707 5 3073
0.00146449 6 4097
0.00156281 8 5119
0.00179066 11 6143
0.00167457 12 7166
0.00170982 14 8188
0.00162849 15 9211
0.00166113 17 10234
0.00168784 19 11257
0.0016288 20 12279
0.00165376 22 13303
0.00160547 23 14326
0.00169392 26 15349
0.00164906 27 16373
0.00166705 29 17396
0.00162866 30 18420
0.00164592 32 19442
0.00161243 33 20466
0.00162874 35 21489
0.00159915 36 22512
0.00161462 38 23535
0.00158808 39 24558
0.00160275 41 25581
0.00157871 42 26604
0.00155645 43 27627
0.00157068 45 28650
