0.00194553 2 1028
0.00195027 4 2051
0.00195122 6 3075
0.00195122 8 4100
0.00195122 10 5125
0.00195185 12 6148
0.00181185 13 7175
0.00195193 16 8197
0.00195228 18 9220
0.0018542 19 10247
0.00195191 22 11271
0.00187053 23 12296
0.00187674 25 13321
0.00188232 27 14344
0.00188704 29 15368
0.00189128 31 16391
0.00189481 33 17416
0.00189825 35 18438
0.00190124 37 19461
0.00190383 39 20485
0.00190627 41 21508
0.0018641 42 22531
0.00186805 44 23554
0.00187159 46 24578
0.00187493 48 25601
0.00184044 49 26624
0.00184468 51 27647
0.00184856 53 28671
