0 0 1021
0.000489476 1 2043
0.000977836 3 3068
0.000977756 4 4091
0.00136906 7 5113
0.00114044 7 6138
0.0015361 11 7161
0.00134343 11 8188
0.00152009 14 9210
0.00136732 14 10239
0.0015983 18 11262
0.00146425 18 12293
0.00157705 21 13316
0.00146413 21 14343
0.00162697 25 15366
0.00152513 25 16392
0.00160781 28 17415
0.00151811 28 18444
0.00159244 31 19467
0.00156128 32 20496
0.00162647 35 21519
0.00155218 35 22549
0.00161208 38 23572
0.00154472 38 24600
0.00160012 41 25623
0.00153846 41 26650
0.00159 44 27673
0.00153315 44 28699
0.00158132 47 29722
0.00152836 47 30752
0.00157361 50 31774
0.00152439 50 32800
0.00156698 53 33823
0.00152085 53 34849
