0.00194175 2 1030
0.00194837 4 2053
0.00194995 6 3077
0.0017069 7 4101
0.00175644 9 5124
0.0017892 11 6148
0.0018126 13 7172
0.00170836 14 8195
0.00173536 16 9220
0.00175713 18 10244
0.00177478 20 11269
0.00178978 22 12292
0.00180234 24 13316
0.0017435 25 14339
0.00175735 27 15364
0.00176959 29 16388
0.00178038 31 17412
0.00173573 32 18436
0.00174717 34 19460
0.00175747 36 20484
0.00176678 38 21508
0.00173095 39 22531
0.00174053 41 23556
0.00174946 43 24579
0.00175754 45 25604
0.0017275 46 26628
0.0017358 48 27653
0.00174356 50 28677
