0 0 1016
0.000489476 1 2043
0.000652529 2 3065
0.000489117 2 4089
0.000782473 4 5112
0.000977995 6 6135
0.00125751 9 7157
0.00146681 12 8181
0.00152108 14 9204
0.00166129 17 10233
0.00177667 20 11257
0.00179153 22 12280
0.0017288 23 13304
0.00174496 25 14327
0.0018241 28 15350
0.00183206 30 16375
0.00189666 33 17399
0.0019544 36 18420
0.00195443 38 19443
0.00200332 41 20466
0.00204756 44 21489
0.00208778 47 22512
0.00208201 49 23535
0.00211744 52 24558
0.00215003 55 25581
0.00214253 57 26604
0.00217179 60 27627
0.00219895 63 28650
0.00219054 65 29673
