0.00097561 1 1025
0.00146556 3 2047
0.00162813 5 3071
0.00170898 7 4096
0.00156281 8 5119
0.00162787 10 6143
0.00153481 11 7167
0.00158711 13 8191
0.0016276 15 9216
0.00156235 16 10241
0.00159801 18 11264
0.0015461 19 12289
0.00157717 21 13315
0.00153449 22 14337
0.0015625 24 15360
0.00158701 26 16383
0.0015511 27 17407
0.00157369 29 18428
0.00159375 31 19451
0.00156288 32 20475
0.00158147 34 21499
0.00159837 36 22523
0.00157133 37 23547
0.00158724 39 24571
0.00160188 41 25595
0.00157782 42 26619
0.00159172 44 27643
0.00156969 45 28668
