0 0 1026
0 0 2044
0.00163026 5 3067
0.0012216 5 4093
0.00195465 10 5116
0.00162813 10 6142
0.00209322 15 7166
0.0018286 15 8203
0.00227593 21 9227
0.00204619 21 10263
0.00230374 26 11286
0.00219102 27 12323
0.00239772 32 13346
0.00222454 32 14385
0.00240135 37 15408
0.00225006 37 16444
0.00234728 41 17467
0.00221634 41 18499
0.00235632 46 19522
0.00223888 46 20546
0.00231803 50 21570
0.00221161 50 22608
0.00232745 55 23631
0.0022297 55 24667
0.00229661 59 25690
0.00220784 59 26723
0.00234268 65 27746
0.00225836 65 28782
0.00231489 69 29807
0.0022375 69 30838
0.0022912 73 31861
0.00221979 73 32886
0.00230021 78 33910
0.00223221 78 34943
0.00227993 82 35966
0.00221682 82 36990
0.00220971 84 38014
0.00215164 84 39040
0.0020967 84 40063
