0 0 1015
0.000979432 2 2042
0.00293638 9 3065
0.00463415 19 4100
0.00468476 24 5123
0.00455211 28 6151
0.00446055 32 7174
0.00426985 35 8197
0.00401214 37 9222
0.00380488 39 10250
0.00372539 42 11274
0.00357056 44 12323
0.00352192 47 13345
0.00347802 50 14376
0.00337684 52 15399
0.00334611 55 16437
0.00332188 58 17460
0.00330033 61 18483
0.00328087 64 19507
0.00326272 67 20535
0.0032469 70 21559
0.00323223 73 22585
0.00317689 75 23608
0.00316571 78 24639
0.00315642 81 25662
0.00314772 84 26686
0.00310368 86 27709
0.00309587 89 28748
0.00309026 92 29771
